gene,transcript,exon length,start,end
ENSG00000188157,ENST00000620552,12,1051031,1051043
ENSG00000188157,ENST00000620552,24,1051992,1052016
ENSG00000188157,ENST00000419249,12,1051031,1051043
ENSG00000188157,ENST00000419249,24,1051992,1052016
ENSG00000131591,ENST00000379339,26,1084480,1084506
ENSG00000131591,ENST00000379325,26,1084480,1084506
ENSG00000131591,ENST00000421241,26,1084480,1084506
ENSG00000131591,ENST00000477196,26,1084480,1084506
ENSG00000131591,ENST00000467751,26,1084480,1084506
ENSG00000131591,ENST00000379320,26,1084480,1084506
ENSG00000131591,ENST00000379319,26,1084480,1084506
ENSG00000131591,ENST00000434641,26,1084480,1084506
ENSG00000131591,ENST00000482816,26,1084480,1084506
ENSG00000131584,ENST00000354700,12,1299344,1299356
ENSG00000131584,ENST00000492936,12,1299344,1299356
ENSG00000131584,ENST00000353662,12,1299344,1299356
ENSG00000127054,ENST00000618806,18,1314300,1314318
ENSG00000162576,ENST00000342753,24,1356680,1356704
ENSG00000162576,ENST00000309212,24,1356680,1356704
ENSG00000162576,ENST00000445648,24,1356680,1356704
ENSG00000162576,ENST00000477278,24,1356680,1356704
ENSG00000221978,ENST00000480479,19,1388491,1388510
ENSG00000221978,ENST00000408952,19,1388491,1388510
ENSG00000221978,ENST00000408952,15,1388815,1388830
ENSG00000221978,ENST00000481223,14,1392789,1392803
ENSG00000221978,ENST00000505849,19,1388491,1388510
ENSG00000221978,ENST00000488340,14,1392789,1392803
ENSG00000197530,ENST00000487053,20,1629384,1629404
ENSG00000248333,ENST00000629289,17,1645952,1645969
ENSG00000248333,ENST00000626918,18,1646125,1646143
ENSG00000149527,ENST00000462379,27,2503616,2503643
ENSG00000142606,ENST00000502556,26,2609393,2609419
ENSG00000162591,ENST00000294599,27,3493770,3493797
ENSG00000116254,ENST00000496404,30,6129039,6129069
ENSG00000187017,ENST00000645284,12,6457360,6457372
ENSG00000187017,ENST00000377828,12,6457360,6457372
ENSG00000187017,ENST00000461727,12,6457360,6457372
ENSG00000187017,ENST00000416731,9,6457265,6457274
ENSG00000187017,ENST00000475228,12,6457360,6457372
ENSG00000187017,ENST00000633239,27,6450443,6450470
ENSG00000187017,ENST00000633239,12,6457360,6457372
ENSG00000187017,ENST00000434576,12,6457360,6457372
ENSG00000187017,ENST00000477679,12,6457360,6457372
ENSG00000171735,ENST00000495233,21,7749770,7749791
ENSG00000049247,ENST00000054668,23,7852900,7852923
ENSG00000171608,ENST00000536656,18,9721125,9721143
ENSG00000171608,ENST00000543390,19,9721124,9721143
ENSG00000171603,ENST00000377298,30,9756480,9756510
ENSG00000054523,ENST00000377086,18,10273013,10273031
ENSG00000054523,ENST00000377081,18,10273013,10273031
ENSG00000054523,ENST00000620295,18,10273013,10273031
ENSG00000054523,ENST00000622724,18,10273013,10273031
ENSG00000054523,ENST00000635499,27,10355369,10355396
ENSG00000120948,ENST00000638264,18,11016843,11016861
ENSG00000171824,ENST00000474216,16,11080498,11080514
ENSG00000132879,ENST00000376760,30,11655669,11655699
ENSG00000175206,ENST00000610706,3,11846011,11846014
ENSG00000120949,ENST00000263932,26,12135587,12135613
ENSG00000120949,ENST00000417814,26,12135587,12135613
ENSG00000120949,ENST00000514649,26,12135587,12135613
ENSG00000120949,ENST00000413146,26,12135587,12135613
ENSG00000120949,ENST00000479933,26,12135587,12135613
ENSG00000184908,ENST00000619181,11,16048503,16048514
ENSG00000237276,ENST00000602586,21,16219405,16219426
ENSG00000117122,ENST00000375534,27,16976896,16976923
ENSG00000117122,ENST00000375535,27,16976896,16976923
ENSG00000117122,ENST00000478684,27,16976896,16976923
ENSG00000074964,ENST00000361221,15,17634547,17634562
ENSG00000074964,ENST00000375415,15,17634547,17634562
ENSG00000230035,ENST00000419667,17,18167746,18167763
ENSG00000230035,ENST00000419667,22,18176152,18176174
ENSG00000127463,ENST00000641089,9,19234179,19234188
ENSG00000173436,ENST00000485362,20,19597833,19597853
ENSG00000162542,ENST00000294543,28,19770541,19770569
ENSG00000162542,ENST00000375127,28,19770541,19770569
ENSG00000162542,ENST00000489135,28,19770541,19770569
ENSG00000162542,ENST00000496528,28,19770541,19770569
ENSG00000162542,ENST00000462171,28,19770541,19770569
ENSG00000075151,ENST00000602326,21,20982387,20982408
ENSG00000142794,ENST00000434838,30,21449858,21449888
ENSG00000090686,ENST00000400301,27,21680807,21680834
ENSG00000090686,ENST00000308271,27,21680807,21680834
ENSG00000090686,ENST00000374732,27,21680807,21680834
ENSG00000090686,ENST00000529637,27,21680807,21680834
ENSG00000142798,ENST00000635682,18,21832874,21832892
ENSG00000215906,ENST00000618559,29,22958684,22958713
ENSG00000004487,ENST00000400181,12,23066059,23066071
ENSG00000142661,ENST00000338909,23,24061059,24061082
ENSG00000142661,ENST00000374434,23,24061059,24061082
ENSG00000133226,ENST00000447431,7,24652621,24652628
ENSG00000117643,ENST00000611903,2,25763637,25763639
ENSG00000117643,ENST00000611903,10,25781250,25781260
ENSG00000162430,ENST00000354177,11,25813630,25813641
ENSG00000228172,ENST00000442055,22,25818402,25818424
ENSG00000158022,ENST00000374272,23,26057627,26057650
ENSG00000142675,ENST00000361530,28,26184584,26184612
ENSG00000142675,ENST00000480348,4,26182398,26182402
ENSG00000142675,ENST00000374253,28,26184584,26184612
ENSG00000142675,ENST00000525687,28,26184584,26184612
ENSG00000142675,ENST00000482227,28,26184584,26184612
ENSG00000142675,ENST00000531191,28,26184584,26184612
ENSG00000142675,ENST00000528281,28,26184584,26184612
ENSG00000158062,ENST00000314675,29,26301693,26301722
ENSG00000158062,ENST00000472155,29,26301693,26301722
ENSG00000158062,ENST00000374223,29,26301693,26301722
ENSG00000158062,ENST00000475591,29,26301693,26301722
ENSG00000158062,ENST00000357089,29,26301693,26301722
ENSG00000158062,ENST00000374221,29,26301693,26301722
ENSG00000158062,ENST00000374222,29,26301693,26301722
ENSG00000158062,ENST00000374217,29,26301693,26301722
ENSG00000158062,ENST00000374215,29,26301693,26301722
ENSG00000158062,ENST00000452980,29,26301693,26301722
ENSG00000158062,ENST00000442942,29,26301693,26301722
ENSG00000158062,ENST00000450041,29,26301693,26301722
ENSG00000158062,ENST00000423664,29,26301693,26301722
ENSG00000158062,ENST00000421827,29,26301693,26301722
ENSG00000198830,ENST00000468388,30,26473702,26473732
ENSG00000198830,ENST00000463817,30,26473702,26473732
ENSG00000198830,ENST00000619352,20,26472607,26472627
ENSG00000198830,ENST00000619352,30,26473702,26473732
ENSG00000198830,ENST00000361427,30,26473702,26473732
ENSG00000198830,ENST00000466194,30,26473702,26473732
ENSG00000117713,ENST00000615191,30,26763177,26763207
ENSG00000142733,ENST00000493901,24,27364660,27364684
ENSG00000142733,ENST00000357582,24,27364660,27364684
ENSG00000204138,ENST00000633371,28,28457831,28457859
ENSG00000204138,ENST00000632202,24,28457831,28457855
ENSG00000204138,ENST00000493669,28,28457831,28457859
ENSG00000204138,ENST00000633167,24,28457831,28457855
ENSG00000198492,ENST00000474884,25,28737657,28737682
ENSG00000198492,ENST00000542507,25,28737657,28737682
ENSG00000198492,ENST00000373812,25,28737657,28737682
ENSG00000198492,ENST00000496288,25,28737657,28737682
ENSG00000060656,ENST00000345512,30,29289682,29289712
ENSG00000060656,ENST00000460170,18,29307128,29307146
ENSG00000060656,ENST00000415600,30,29289682,29289712
ENSG00000084636,ENST00000373672,27,31680904,31680931
ENSG00000084636,ENST00000373672,27,31690366,31690393
ENSG00000084636,ENST00000373672,27,31694143,31694170
ENSG00000084636,ENST00000373672,27,31695760,31695787
ENSG00000084636,ENST00000458715,27,31680904,31680931
ENSG00000084636,ENST00000373668,27,31680904,31680931
ENSG00000084636,ENST00000373668,27,31690366,31690393
ENSG00000084636,ENST00000373668,27,31694143,31694170
ENSG00000084636,ENST00000373668,27,31695760,31695787
ENSG00000084636,ENST00000482478,28,31689331,31689359
ENSG00000084636,ENST00000373667,27,31690366,31690393
ENSG00000084636,ENST00000373667,27,31695760,31695787
ENSG00000134668,ENST00000528791,25,31815347,31815372
ENSG00000184007,ENST00000475464,29,31932671,31932700
ENSG00000160050,ENST00000373602,23,32204597,32204620
ENSG00000160050,ENST00000461819,23,32204597,32204620
ENSG00000160050,ENST00000483009,23,32204597,32204620
ENSG00000116478,ENST00000484305,24,32330662,32330686
ENSG00000176261,ENST00000468695,25,32634767,32634792
ENSG00000176261,ENST00000492007,25,32634767,32634792
ENSG00000176261,ENST00000473294,25,32634767,32634792
ENSG00000176261,ENST00000436661,25,32634767,32634792
ENSG00000176261,ENST00000476493,25,32634767,32634792
ENSG00000176261,ENST00000483138,25,32634767,32634792
ENSG00000134684,ENST00000616261,17,32781128,32781145
ENSG00000116497,ENST00000531123,28,32834033,32834061
ENSG00000116497,ENST00000356689,28,32834033,32834061
ENSG00000092853,ENST00000520551,20,35749632,35749652
ENSG00000116885,ENST00000356637,30,36444003,36444033
ENSG00000163875,ENST00000373075,30,37496706,37496736
ENSG00000163875,ENST00000487788,30,37496706,37496736
ENSG00000163875,ENST00000487792,30,37496706,37496736
ENSG00000163875,ENST00000448519,30,37496706,37496736
ENSG00000204084,ENST00000373023,30,37943639,37943669
ENSG00000204084,ENST00000458109,30,37943639,37943669
ENSG00000204084,ENST00000373026,30,37943639,37943669
ENSG00000204084,ENST00000373024,30,37943639,37943669
ENSG00000204084,ENST00000373021,30,37943639,37943669
ENSG00000204084,ENST00000491406,30,37943639,37943669
ENSG00000127603,ENST00000567887,18,39465094,39465112
ENSG00000127603,ENST00000372915,9,39436481,39436490
ENSG00000127603,ENST00000361689,9,39436481,39436490
ENSG00000127603,ENST00000564288,18,39465094,39465112
ENSG00000127603,ENST00000496804,6,39299251,39299257
ENSG00000127603,ENST00000372925,9,39436481,39436490
ENSG00000127603,ENST00000289893,9,39436481,39436490
ENSG00000127603,ENST00000289893,18,39465094,39465112
ENSG00000127603,ENST00000469490,9,39436481,39436490
ENSG00000127603,ENST00000360115,15,39459817,39459832
ENSG00000127603,ENST00000360115,18,39465094,39465112
ENSG00000127603,ENST00000446276,18,39465094,39465112
ENSG00000243970,ENST00000331856,27,39553117,39553144
ENSG00000243970,ENST00000450157,27,39553117,39553144
ENSG00000243970,ENST00000417869,27,39553117,39553144
ENSG00000243970,ENST00000645296,27,39553117,39553144
ENSG00000243970,ENST00000642822,27,39553117,39553144
ENSG00000243970,ENST00000643783,27,39553117,39553144
ENSG00000243970,ENST00000431553,27,39553117,39553144
ENSG00000243970,ENST00000644305,27,39553117,39553144
ENSG00000243970,ENST00000644158,30,39547578,39547608
ENSG00000243970,ENST00000644158,27,39553117,39553144
ENSG00000084072,ENST00000470018,27,39741894,39741921
ENSG00000084072,ENST00000324379,27,39741894,39741921
ENSG00000084072,ENST00000356511,27,39741894,39741921
ENSG00000084072,ENST00000497370,27,39741894,39741921
ENSG00000084072,ENST00000470213,27,39741894,39741921
ENSG00000084072,ENST00000372830,27,39741894,39741921
ENSG00000084072,ENST00000475350,27,39741894,39741921
ENSG00000131236,ENST00000414893,23,40060066,40060089
ENSG00000049089,ENST00000372748,24,40312455,40312479
ENSG00000049089,ENST00000488463,24,40312455,40312479
ENSG00000049089,ENST00000417105,24,40312455,40312479
ENSG00000049089,ENST00000496215,24,40312455,40312479
ENSG00000010803,ENST00000397171,24,41160874,41160898
ENSG00000010803,ENST00000361191,24,41160874,41160898
ENSG00000010803,ENST00000361705,24,41160874,41160898
ENSG00000010803,ENST00000402904,24,41160874,41160898
ENSG00000010803,ENST00000372595,24,41160874,41160898
ENSG00000010803,ENST00000337495,24,41160874,41160898
ENSG00000010803,ENST00000372597,24,41160874,41160898
ENSG00000010803,ENST00000372596,24,41160874,41160898
ENSG00000171960,ENST00000304979,24,42659227,42659251
ENSG00000171960,ENST00000440068,24,42659227,42659251
ENSG00000117385,ENST00000372526,24,42762322,42762346
ENSG00000164010,ENST00000372517,21,42838900,42838921
ENSG00000164010,ENST00000372517,21,42840032,42840053
ENSG00000164010,ENST00000372517,27,42840151,42840178
ENSG00000164010,ENST00000372517,27,42840269,42840296
ENSG00000164010,ENST00000647120,29,42835731,42835760
ENSG00000164010,ENST00000647120,21,42838900,42838921
ENSG00000164010,ENST00000647120,21,42840032,42840053
ENSG00000164010,ENST00000647120,27,42840151,42840178
ENSG00000164010,ENST00000647120,27,42840269,42840296
ENSG00000164010,ENST00000487556,29,42835731,42835760
ENSG00000164010,ENST00000487556,21,42838900,42838921
ENSG00000164010,ENST00000487556,21,42840032,42840053
ENSG00000164010,ENST00000487556,27,42840151,42840178
ENSG00000164010,ENST00000487556,27,42840269,42840296
ENSG00000164010,ENST00000372514,21,42838900,42838921
ENSG00000164010,ENST00000372514,21,42840032,42840053
ENSG00000164010,ENST00000372514,27,42840151,42840178
ENSG00000164010,ENST00000372514,27,42840269,42840296
ENSG00000164010,ENST00000328249,21,42838900,42838921
ENSG00000164010,ENST00000328249,21,42840032,42840053
ENSG00000164010,ENST00000328249,27,42840151,42840178
ENSG00000164010,ENST00000328249,27,42840269,42840296
ENSG00000066322,ENST00000468865,29,43364618,43364647
ENSG00000178922,ENST00000470662,20,43451827,43451847
ENSG00000178922,ENST00000487366,20,43451827,43451847
ENSG00000142949,ENST00000359947,27,43602070,43602097
ENSG00000142949,ENST00000436724,18,43575909,43575927
ENSG00000142949,ENST00000467464,12,43583081,43583093
ENSG00000142949,ENST00000412568,27,43602070,43602097
ENSG00000142949,ENST00000372407,27,43602070,43602097
ENSG00000117408,ENST00000372343,27,43958241,43958268
ENSG00000187147,ENST00000372247,4,44573001,44573005
ENSG00000117450,ENST00000372079,23,45514872,45514895
ENSG00000132780,ENST00000534101,30,45604935,45604965
ENSG00000132780,ENST00000531612,3,45616700,45616703
ENSG00000281112,ENST00000628958,30,45592753,45592783
ENSG00000086015,ENST00000372009,14,46032704,46032718
ENSG00000085999,ENST00000469835,10,46248398,46248408
ENSG00000173660,ENST00000311672,27,46309100,46309127
ENSG00000173660,ENST00000496387,27,46309100,46309127
ENSG00000232022,ENST00000446499,16,46438666,46438682
ENSG00000142973,ENST00000614163,3,46815072,46815075
ENSG00000186094,ENST00000371839,27,48534889,48534916
ENSG00000186094,ENST00000334103,27,48534889,48534916
ENSG00000185104,ENST00000371778,13,50583651,50583664
ENSG00000185104,ENST00000371778,11,50705880,50705891
ENSG00000117859,ENST00000371714,30,51748368,51748398
ENSG00000117859,ENST00000435274,30,51748368,51748398
ENSG00000117859,ENST00000447887,30,51748368,51748398
ENSG00000117859,ENST00000495776,30,51748368,51748398
ENSG00000117859,ENST00000428468,30,51748368,51748398
ENSG00000117859,ENST00000453295,30,51748368,51748398
ENSG00000117859,ENST00000489990,30,51748368,51748398
ENSG00000117859,ENST00000484890,30,51748368,51748398
ENSG00000117859,ENST00000534040,30,51748368,51748398
ENSG00000117859,ENST00000532975,30,51748368,51748398
ENSG00000117859,ENST00000527631,30,51748368,51748398
ENSG00000117859,ENST00000531828,30,51748368,51748398
ENSG00000117859,ENST00000361556,30,51748368,51748398
ENSG00000117859,ENST00000473207,30,51748368,51748398
ENSG00000117859,ENST00000533884,30,51748368,51748398
ENSG00000117859,ENST00000481937,30,51748368,51748398
ENSG00000117859,ENST00000526917,30,51748368,51748398
ENSG00000117859,ENST00000462759,30,51748368,51748398
ENSG00000117859,ENST00000486942,30,51748368,51748398
ENSG00000117859,ENST00000524620,30,51748368,51748398
ENSG00000134748,ENST00000257181,27,52414620,52414647
ENSG00000134748,ENST00000474048,27,52414620,52414647
ENSG00000211452,ENST00000610607,29,53894438,53894467
ENSG00000157216,ENST00000326956,29,54228448,54228477
ENSG00000157216,ENST00000610401,27,54227133,54227160
ENSG00000157216,ENST00000610401,29,54228448,54228477
ENSG00000157216,ENST00000528930,29,54228448,54228477
ENSG00000157216,ENST00000417664,29,54228448,54228477
ENSG00000157216,ENST00000371320,29,54228448,54228477
ENSG00000157216,ENST00000371319,29,54228448,54228477
ENSG00000157216,ENST00000357475,29,54228448,54228477
ENSG00000157216,ENST00000426150,29,54228448,54228477
ENSG00000162402,ENST00000512504,29,55084392,55084421
ENSG00000162409,ENST00000610361,7,56671440,56671447
ENSG00000187889,ENST00000343433,29,56738624,56738653
ENSG00000187889,ENST00000484327,29,56738624,56738653
ENSG00000235038,ENST00000419596,27,58074398,58074425
ENSG00000162601,ENST00000472487,24,58690225,58690249
ENSG00000162601,ENST00000401044,24,58690225,58690249
ENSG00000283445,ENST00000637377,27,58758278,58758305
ENSG00000237352,ENST00000634502,22,59056839,59056861
ENSG00000172456,ENST00000430447,17,59315719,59315736
ENSG00000132849,ENST00000613764,12,62038473,62038485
ENSG00000132849,ENST00000613764,13,62162851,62162864
ENSG00000132849,ENST00000613764,12,62162867,62162879
ENSG00000132849,ENST00000635023,20,61833357,61833377
ENSG00000116641,ENST00000251157,15,62487397,62487412
ENSG00000116641,ENST00000340370,15,62487397,62487412
ENSG00000116641,ENST00000634264,15,62487397,62487412
ENSG00000116641,ENST00000635253,15,62487397,62487412
ENSG00000116641,ENST00000637208,15,62487397,62487412
ENSG00000088035,ENST00000650494,10,63411145,63411155
ENSG00000118473,ENST00000237247,25,66633069,66633094
ENSG00000118473,ENST00000237247,12,66660512,66660524
ENSG00000118473,ENST00000237247,12,66667529,66667541
ENSG00000118473,ENST00000237247,25,66670994,66671019
ENSG00000118473,ENST00000371039,25,66633069,66633094
ENSG00000118473,ENST00000371039,25,66670994,66671019
ENSG00000118473,ENST00000424320,25,66633069,66633094
ENSG00000118473,ENST00000424320,25,66670994,66671019
ENSG00000118473,ENST00000468286,25,66633069,66633094
ENSG00000118473,ENST00000468286,25,66670994,66671019
ENSG00000118473,ENST00000371037,25,66633069,66633094
ENSG00000118473,ENST00000371037,12,66660512,66660524
ENSG00000118473,ENST00000371037,12,66667529,66667541
ENSG00000118473,ENST00000371037,25,66670994,66671019
ENSG00000118473,ENST00000483060,25,66633069,66633094
ENSG00000198160,ENST00000355977,25,66940027,66940052
ENSG00000198160,ENST00000355977,21,66984571,66984592
ENSG00000198160,ENST00000371018,25,66940027,66940052
ENSG00000198160,ENST00000357692,25,66940027,66940052
ENSG00000198160,ENST00000401041,25,66940027,66940052
ENSG00000198160,ENST00000371016,25,66940027,66940052
ENSG00000198160,ENST00000371016,21,66984571,66984592
ENSG00000198160,ENST00000371014,25,66940027,66940052
ENSG00000198160,ENST00000371014,21,66984571,66984592
ENSG00000198160,ENST00000371012,25,66940027,66940052
ENSG00000198160,ENST00000401042,25,66940027,66940052
ENSG00000198160,ENST00000401042,21,66984571,66984592
ENSG00000198160,ENST00000355356,25,66940027,66940052
ENSG00000198160,ENST00000479067,25,66940027,66940052
ENSG00000050628,ENST00000370931,27,70953762,70953789
ENSG00000050628,ENST00000497146,27,70953762,70953789
ENSG00000050628,ENST00000361210,27,70953762,70953789
ENSG00000050628,ENST00000460330,27,70953762,70953789
ENSG00000050628,ENST00000356595,27,70953762,70953789
ENSG00000050628,ENST00000354608,13,70998306,70998319
ENSG00000050628,ENST00000354608,11,71009017,71009028
ENSG00000050628,ENST00000354608,14,71009457,71009471
ENSG00000229956,ENST00000626344,22,71202034,71202056
ENSG00000229956,ENST00000628635,22,71202034,71202056
ENSG00000229956,ENST00000628683,22,71202034,71202056
ENSG00000259030,ENST00000533006,28,74240807,74240835
ENSG00000259030,ENST00000648585,28,74240807,74240835
ENSG00000154027,ENST00000527263,21,77518563,77518584
ENSG00000180488,ENST00000642959,30,77783237,77783267
ENSG00000117114,ENST00000370721,12,81942033,81942045
ENSG00000117114,ENST00000449420,27,81981123,81981150
ENSG00000117114,ENST00000402328,18,81987868,81987886
ENSG00000137941,ENST00000472937,19,83885075,83885094
ENSG00000142875,ENST00000436133,24,84173328,84173352
ENSG00000142875,ENST00000436133,24,84175032,84175056
ENSG00000142875,ENST00000446538,24,84173328,84173352
ENSG00000142875,ENST00000446538,24,84175032,84175056
ENSG00000142875,ENST00000446538,9,84175798,84175807
ENSG00000142875,ENST00000370682,24,84173328,84173352
ENSG00000142875,ENST00000370682,24,84175032,84175056
ENSG00000142875,ENST00000394838,24,84173328,84173352
ENSG00000142875,ENST00000394838,24,84175032,84175056
ENSG00000142875,ENST00000394838,5,84179168,84179173
ENSG00000142875,ENST00000432111,24,84175032,84175056
ENSG00000142875,ENST00000450730,24,84173328,84173352
ENSG00000142875,ENST00000450730,24,84175032,84175056
ENSG00000142875,ENST00000370680,24,84173328,84173352
ENSG00000142875,ENST00000370680,24,84175032,84175056
ENSG00000142875,ENST00000370680,9,84175798,84175807
ENSG00000142875,ENST00000413538,24,84175032,84175056
ENSG00000142875,ENST00000394839,24,84173328,84173352
ENSG00000142875,ENST00000394839,24,84175032,84175056
ENSG00000142875,ENST00000614872,24,84173328,84173352
ENSG00000142875,ENST00000614872,24,84175032,84175056
ENSG00000142875,ENST00000614872,9,84175798,84175807
ENSG00000171502,ENST00000370571,27,85761395,85761422
ENSG00000122417,ENST00000531412,14,86355993,86356007
ENSG00000097033,ENST00000482504,24,86730087,86730111
ENSG00000183291,ENST00000611507,28,86880661,86880689
ENSG00000183291,ENST00000616787,28,86880661,86880689
ENSG00000284240,ENST00000640491,23,87243614,87243637
ENSG00000237505,ENST00000643530,30,88327186,88327216
ENSG00000197147,ENST00000449440,25,89526961,89526986
ENSG00000197147,ENST00000640258,25,89526961,89526986
ENSG00000197147,ENST00000358200,3,89583329,89583332
ENSG00000229201,ENST00000435832,22,90511986,90512008
ENSG00000229201,ENST00000435832,28,90513981,90514009
ENSG00000143033,ENST00000545708,17,93110229,93110246
ENSG00000143033,ENST00000494963,17,93110229,93110246
ENSG00000223745,ENST00000436200,25,93315148,93315173
ENSG00000137942,ENST00000271234,15,93541041,93541056
ENSG00000137942,ENST00000604705,15,93541041,93541056
ENSG00000137942,ENST00000424449,15,93541041,93541056
ENSG00000099260,ENST00000615664,4,99686718,99686722
ENSG00000162694,ENST00000450240,24,100878423,100878447
ENSG00000230864,ENST00000414418,28,102767774,102767802
ENSG00000060718,ENST00000635193,16,102979596,102979612
ENSG00000162631,ENST00000370074,27,107407681,107407708
ENSG00000162631,ENST00000370071,27,107407681,107407708
ENSG00000162631,ENST00000370073,27,107407681,107407708
ENSG00000162631,ENST00000370068,27,107407681,107407708
ENSG00000162631,ENST00000370067,27,107407681,107407708
ENSG00000162631,ENST00000370066,27,107407681,107407708
ENSG00000162631,ENST00000370065,27,107407681,107407708
ENSG00000134215,ENST00000370056,26,107688380,107688406
ENSG00000134215,ENST00000527011,26,107688380,107688406
ENSG00000134215,ENST00000343258,26,107688380,107688406
ENSG00000134215,ENST00000469325,26,107688380,107688406
ENSG00000134215,ENST00000490388,26,107688380,107688406
ENSG00000162636,ENST00000370035,30,108606222,108606252
ENSG00000162636,ENST00000405454,30,108606222,108606252
ENSG00000143107,ENST00000370017,19,108713510,108713529
ENSG00000143107,ENST00000370017,30,108737494,108737524
ENSG00000168765,ENST00000638994,23,109657771,109657794
ENSG00000213366,ENST00000442650,26,109681808,109681834
ENSG00000213366,ENST00000460717,26,109681808,109681834
ENSG00000213366,ENST00000414179,26,109681808,109681834
ENSG00000134202,ENST00000540225,3,109737393,109737396
ENSG00000134202,ENST00000540225,18,109737397,109737415
ENSG00000134202,ENST00000540225,12,109737416,109737428
ENSG00000134202,ENST00000540225,3,109737429,109737432
ENSG00000134202,ENST00000540225,6,109737433,109737439
ENSG00000134202,ENST00000540225,6,109737440,109737446
ENSG00000134202,ENST00000540225,9,109737448,109737457
ENSG00000177301,ENST00000640680,24,110522274,110522298
ENSG00000156171,ENST00000496430,28,111122615,111122643
ENSG00000134255,ENST00000615636,20,111182298,111182318
ENSG00000064886,ENST00000445067,30,111229851,111229881
ENSG00000064886,ENST00000528451,30,111229851,111229881
ENSG00000064886,ENST00000486561,30,111229851,111229881
ENSG00000064886,ENST00000369748,30,111229851,111229881
ENSG00000064886,ENST00000474304,30,111229851,111229881
ENSG00000064886,ENST00000477185,30,111229851,111229881
ENSG00000203878,ENST00000369743,30,111280523,111280553
ENSG00000203878,ENST00000532686,30,111280523,111280553
ENSG00000134216,ENST00000369740,30,111311688,111311718
ENSG00000134216,ENST00000451398,30,111311688,111311718
ENSG00000134216,ENST00000343320,30,111311688,111311718
ENSG00000134216,ENST00000352594,30,111311688,111311718
ENSG00000134216,ENST00000477918,30,111311688,111311718
ENSG00000134216,ENST00000353665,30,111311688,111311718
ENSG00000134216,ENST00000489524,30,111311688,111311718
ENSG00000134216,ENST00000430615,30,111311688,111311718
ENSG00000085465,ENST00000369732,30,111427061,111427091
ENSG00000116459,ENST00000468818,23,111456226,111456249
ENSG00000155366,ENST00000468093,24,112705099,112705123
ENSG00000155366,ENST00000369637,24,112705099,112705123
ENSG00000134242,ENST00000359785,28,113833110,113833138
ENSG00000134242,ENST00000538253,28,113833110,113833138
ENSG00000134242,ENST00000528414,28,113833110,113833138
ENSG00000134242,ENST00000532224,28,113833110,113833138
ENSG00000134242,ENST00000420377,28,113833110,113833138
ENSG00000134242,ENST00000525799,28,113833110,113833138
ENSG00000163349,ENST00000503968,22,113932200,113932222
ENSG00000116748,ENST00000520113,12,114693435,114693447
ENSG00000134250,ENST00000640021,3,119976349,119976352
ENSG00000273136,ENST00000624419,11,120793746,120793757
ENSG00000198019,ENST00000616817,21,121087820,121087841
ENSG00000198019,ENST00000623603,21,121087820,121087841
ENSG00000198019,ENST00000369384,21,121087820,121087841
ENSG00000198019,ENST00000472543,21,121087820,121087841
ENSG00000198019,ENST00000615565,21,121087820,121087841
ENSG00000198019,ENST00000471609,21,121087820,121087841
ENSG00000198019,ENST00000369178,21,121087820,121087841
ENSG00000188610,ENST00000468129,16,121183337,121183353
ENSG00000265531,ENST00000579737,21,143875218,143875239
ENSG00000275767,ENST00000616358,16,144196324,144196340
ENSG00000277199,ENST00000617368,18,144630085,144630103
ENSG00000162825,ENST00000392971,13,145393721,145393734
ENSG00000186364,ENST00000334513,26,145846432,145846458
ENSG00000198483,ENST00000544626,21,145877967,145877988
ENSG00000131778,ENST00000639534,27,147254949,147254976
ENSG00000227733,ENST00000611452,30,148207933,148207963
ENSG00000274020,ENST00000640832,21,148335898,148335919
ENSG00000231551,ENST00000635493,12,148424626,148424638
ENSG00000150337,ENST00000369168,21,149783169,149783190
ENSG00000118298,ENST00000369111,21,150260150,150260171
ENSG00000118298,ENST00000369111,21,150263658,150263679
ENSG00000118298,ENST00000647854,21,150260150,150260171
ENSG00000118298,ENST00000647854,21,150263658,150263679
ENSG00000118298,ENST00000607652,21,150263658,150263679
ENSG00000118298,ENST00000483993,21,150260150,150260171
ENSG00000118298,ENST00000607082,18,150263661,150263679
ENSG00000143374,ENST00000438568,23,150488963,150488986
ENSG00000143374,ENST00000369051,25,150488963,150488988
ENSG00000143452,ENST00000368995,21,150711832,150711853
ENSG00000143452,ENST00000322343,27,150711544,150711571
ENSG00000143452,ENST00000361824,27,150711544,150711571
ENSG00000143452,ENST00000361824,21,150711832,150711853
ENSG00000143452,ENST00000368987,27,150711544,150711571
ENSG00000143452,ENST00000368987,21,150711832,150711853
ENSG00000143452,ENST00000442853,27,150711544,150711571
ENSG00000143379,ENST00000271640,29,150962129,150962158
ENSG00000143379,ENST00000368969,29,150962129,150962158
ENSG00000143379,ENST00000498193,29,150962129,150962158
ENSG00000143418,ENST00000559660,27,150967663,150967690
ENSG00000143409,ENST00000470877,6,151002164,151002170
ENSG00000143434,ENST00000621728,11,151136152,151136163
ENSG00000143434,ENST00000613223,9,151135590,151135599
ENSG00000143390,ENST00000421986,30,151345927,151345957
ENSG00000143390,ENST00000478564,12,151346754,151346766
ENSG00000143390,ENST00000494217,30,151345927,151345957
ENSG00000143442,ENST00000392723,25,151406606,151406631
ENSG00000143442,ENST00000271715,25,151406606,151406631
ENSG00000143442,ENST00000368863,25,151406606,151406631
ENSG00000143442,ENST00000409503,25,151406606,151406631
ENSG00000143442,ENST00000531094,25,151406606,151406631
ENSG00000143442,ENST00000491586,25,151406606,151406631
ENSG00000143442,ENST00000529669,25,151406606,151406631
ENSG00000143365,ENST00000638901,30,151829428,151829458
ENSG00000143365,ENST00000318247,30,151829428,151829458
ENSG00000271853,ENST00000497086,30,153632033,153632063
ENSG00000160741,ENST00000303569,30,153952804,153952834
ENSG00000160741,ENST00000461638,30,153952804,153952834
ENSG00000160741,ENST00000368633,30,153952804,153952834
ENSG00000160741,ENST00000487235,30,153952804,153952834
ENSG00000143515,ENST00000426445,7,154340536,154340543
ENSG00000163239,ENST00000368482,29,154506876,154506905
ENSG00000163239,ENST00000368480,29,154506876,154506905
ENSG00000163346,ENST00000368465,24,154947981,154948005
ENSG00000163346,ENST00000368463,24,154947981,154948005
ENSG00000163346,ENST00000368460,24,154947981,154948005
ENSG00000163346,ENST00000498553,24,154947981,154948005
ENSG00000163346,ENST00000490230,24,154947981,154948005
ENSG00000143537,ENST00000368413,14,155053909,155053923
ENSG00000143537,ENST00000447332,29,155052530,155052559
ENSG00000169231,ENST00000368378,27,155203512,155203539
ENSG00000169231,ENST00000457183,27,155203512,155203539
ENSG00000169231,ENST00000541990,27,155203512,155203539
ENSG00000169231,ENST00000428962,27,155203512,155203539
ENSG00000169231,ENST00000486260,27,155203512,155203539
ENSG00000160766,ENST00000486869,26,155215761,155215787
ENSG00000160766,ENST00000368374,26,155215761,155215787
ENSG00000160766,ENST00000473223,26,155215761,155215787
ENSG00000125459,ENST00000368341,26,155611215,155611241
ENSG00000132676,ENST00000470830,30,155725381,155725411
ENSG00000132676,ENST00000470830,28,155725991,155726019
ENSG00000132676,ENST00000463575,30,155725381,155725411
ENSG00000132676,ENST00000463575,28,155725991,155726019
ENSG00000132676,ENST00000497826,28,155725991,155726019
ENSG00000143622,ENST00000461050,8,155904602,155904610
ENSG00000160789,ENST00000448611,23,156139079,156139102
ENSG00000163468,ENST00000368261,12,156317535,156317547
ENSG00000116604,ENST00000348159,21,156476493,156476514
ENSG00000116604,ENST00000368240,26,156467630,156467656
ENSG00000198400,ENST00000524377,18,156874382,156874400
ENSG00000132694,ENST00000368194,30,156954891,156954921
ENSG00000132694,ENST00000368194,24,156957791,156957815
ENSG00000132694,ENST00000361409,30,156954891,156954921
ENSG00000132694,ENST00000361409,24,156957791,156957815
ENSG00000132694,ENST00000486670,24,156957791,156957815
ENSG00000143297,ENST00000361835,28,157519742,157519770
ENSG00000143297,ENST00000361835,21,157549559,157549580
ENSG00000143297,ENST00000461387,28,157519742,157519770
ENSG00000143297,ENST00000497286,28,157519742,157519770
ENSG00000143297,ENST00000368190,21,157549559,157549580
ENSG00000143297,ENST00000368189,21,157549559,157549580
ENSG00000143297,ENST00000481082,21,157549559,157549580
ENSG00000163518,ENST00000271532,28,157580320,157580348
ENSG00000163518,ENST00000271532,21,157596327,157596348
ENSG00000163518,ENST00000448509,28,157580320,157580348
ENSG00000160856,ENST00000477837,28,157683216,157683244
ENSG00000160856,ENST00000477837,21,157699691,157699712
ENSG00000160856,ENST00000492769,28,157683216,157683244
ENSG00000160856,ENST00000492769,21,157699691,157699712
ENSG00000160856,ENST00000480682,28,157683216,157683244
ENSG00000160856,ENST00000480682,21,157699691,157699712
ENSG00000160856,ENST00000494724,28,157683216,157683244
ENSG00000160856,ENST00000494724,21,157699691,157699712
ENSG00000160856,ENST00000368186,28,157683216,157683244
ENSG00000160856,ENST00000368186,21,157699691,157699712
ENSG00000160856,ENST00000485028,28,157683216,157683244
ENSG00000160856,ENST00000485028,21,157699691,157699712
ENSG00000160856,ENST00000368184,28,157683216,157683244
ENSG00000160856,ENST00000368184,21,157699691,157699712
ENSG00000160856,ENST00000473231,28,157683216,157683244
ENSG00000160856,ENST00000468507,28,157683216,157683244
ENSG00000160856,ENST00000496769,21,157699691,157699712
ENSG00000132704,ENST00000368178,29,157746870,157746899
ENSG00000132704,ENST00000368178,28,157749649,157749677
ENSG00000132704,ENST00000361516,29,157746870,157746899
ENSG00000132704,ENST00000361516,28,157749649,157749677
ENSG00000132704,ENST00000361516,21,157775774,157775795
ENSG00000132704,ENST00000368181,29,157746870,157746899
ENSG00000132704,ENST00000368181,28,157749649,157749677
ENSG00000132704,ENST00000368181,21,157775774,157775795
ENSG00000132704,ENST00000462774,21,157775774,157775795
ENSG00000163534,ENST00000463001,28,157800057,157800085
ENSG00000163534,ENST00000489998,29,157797100,157797129
ENSG00000163534,ENST00000489998,28,157800057,157800085
ENSG00000163534,ENST00000358292,28,157800057,157800085
ENSG00000163534,ENST00000358292,21,157807101,157807122
ENSG00000163534,ENST00000368175,28,157800057,157800085
ENSG00000163534,ENST00000368175,21,157807101,157807122
ENSG00000163534,ENST00000368176,28,157800057,157800085
ENSG00000163534,ENST00000368176,21,157807101,157807122
ENSG00000163534,ENST00000491942,29,157797100,157797129
ENSG00000163534,ENST00000491942,28,157800057,157800085
ENSG00000163534,ENST00000491942,21,157807101,157807122
ENSG00000073754,ENST00000368174,27,157839383,157839410
ENSG00000073754,ENST00000484609,27,157839383,157839410
ENSG00000163554,ENST00000368147,18,158618038,158618056
ENSG00000163554,ENST00000643759,18,158618038,158618056
ENSG00000179639,ENST00000368115,21,159302853,159302874
ENSG00000179639,ENST00000368114,21,159302853,159302874
ENSG00000181036,ENST00000540741,21,159806595,159806616
ENSG00000181036,ENST00000536257,21,159806595,159806616
ENSG00000181036,ENST00000321935,21,159806595,159806616
ENSG00000181036,ENST00000541729,21,159806595,159806616
ENSG00000181036,ENST00000339348,21,159806595,159806616
ENSG00000181036,ENST00000392235,21,159806595,159806616
ENSG00000181036,ENST00000368106,21,159806595,159806616
ENSG00000122218,ENST00000647899,26,160325542,160325568
ENSG00000158769,ENST00000368026,13,160999395,160999408
ENSG00000158769,ENST00000621309,13,160999395,160999408
ENSG00000158769,ENST00000621309,4,161001044,161001048
ENSG00000158769,ENST00000537746,13,160999395,160999408
ENSG00000270149,ENST00000289779,13,160999395,160999408
ENSG00000158773,ENST00000531842,13,161041833,161041846
ENSG00000158796,ENST00000490843,29,161130814,161130843
ENSG00000158869,ENST00000490414,21,161218702,161218723
ENSG00000158869,ENST00000367992,21,161218702,161218723
ENSG00000158869,ENST00000289902,21,161218702,161218723
ENSG00000158874,ENST00000470459,15,161222507,161222522
ENSG00000143252,ENST00000504963,27,161339561,161339588
ENSG00000143226,ENST00000367972,21,161505986,161506007
ENSG00000143226,ENST00000271450,21,161505986,161506007
ENSG00000143226,ENST00000467654,21,161505986,161506007
ENSG00000143226,ENST00000483665,21,161505986,161506007
ENSG00000143226,ENST00000536731,21,161505986,161506007
ENSG00000203747,ENST00000367969,21,161549010,161549031
ENSG00000203747,ENST00000443193,21,161549010,161549031
ENSG00000203747,ENST00000436743,21,161549010,161549031
ENSG00000203747,ENST00000367967,21,161549010,161549031
ENSG00000203747,ENST00000426740,21,161549010,161549031
ENSG00000203747,ENST00000638849,21,161549010,161549031
ENSG00000203747,ENST00000476031,21,161549010,161549031
ENSG00000203747,ENST00000442336,21,161549010,161549031
ENSG00000244682,ENST00000502411,21,161588421,161588442
ENSG00000244682,ENST00000496692,21,161588421,161588442
ENSG00000244682,ENST00000543859,21,161588421,161588442
ENSG00000244682,ENST00000466542,21,161588421,161588442
ENSG00000244682,ENST00000465075,21,161588421,161588442
ENSG00000244682,ENST00000473530,21,161588421,161588442
ENSG00000244682,ENST00000611236,21,161588421,161588442
ENSG00000244682,ENST00000473712,21,161588421,161588442
ENSG00000244682,ENST00000482226,21,161588421,161588442
ENSG00000162747,ENST00000650385,21,161630367,161630388
ENSG00000162747,ENST00000367964,21,161630367,161630388
ENSG00000162747,ENST00000294800,21,161630367,161630388
ENSG00000162747,ENST00000613418,21,161630367,161630388
ENSG00000162747,ENST00000614870,21,161630367,161630388
ENSG00000162747,ENST00000531221,21,161630367,161630388
ENSG00000162747,ENST00000421702,21,161630367,161630388
ENSG00000162747,ENST00000534776,21,161630367,161630388
ENSG00000072694,ENST00000236937,21,161670251,161670272
ENSG00000072694,ENST00000358671,21,161670251,161670272
ENSG00000072694,ENST00000480308,21,161670251,161670272
ENSG00000072694,ENST00000485778,21,161670251,161670272
ENSG00000234211,ENST00000453111,25,161672258,161672283
ENSG00000132185,ENST00000367959,18,161710474,161710492
ENSG00000132185,ENST00000540521,18,161710474,161710492
ENSG00000132185,ENST00000294796,18,161710474,161710492
ENSG00000132185,ENST00000367953,18,161710474,161710492
ENSG00000162746,ENST00000367948,21,161722988,161723009
ENSG00000162746,ENST00000367946,21,161722988,161723009
ENSG00000162746,ENST00000336830,21,161722988,161723009
ENSG00000230739,ENST00000451015,19,162844135,162844154
ENSG00000185630,ENST00000558796,13,164831470,164831483
ENSG00000237463,ENST00000454251,25,165526029,165526054
ENSG00000213064,ENST00000271375,30,168239130,168239160
ENSG00000213064,ENST00000630869,30,168239130,168239160
ENSG00000188404,ENST00000236147,19,169696534,169696553
ENSG00000188404,ENST00000497295,19,169696534,169696553
ENSG00000007908,ENST00000367775,22,169725906,169725928
ENSG00000007908,ENST00000367777,22,169725906,169725928
ENSG00000007908,ENST00000367776,22,169725906,169725928
ENSG00000007908,ENST00000333360,22,169725906,169725928
ENSG00000007908,ENST00000367774,22,169725906,169725928
ENSG00000034971,ENST00000638471,4,171643387,171643391
ENSG00000197959,ENST00000355305,30,172093695,172093725
ENSG00000197959,ENST00000627582,12,172323328,172323340
ENSG00000094975,ENST00000616058,21,172577538,172577559
ENSG00000094975,ENST00000610051,21,172577538,172577559
ENSG00000094975,ENST00000263688,21,172577538,172577559
ENSG00000234741,ENST00000449289,23,173864483,173864506
ENSG00000234741,ENST00000449289,30,173864674,173864704
ENSG00000234741,ENST00000449289,30,173866176,173866206
ENSG00000234741,ENST00000414075,30,173864674,173864704
ENSG00000234741,ENST00000448718,23,173864483,173864506
ENSG00000234741,ENST00000448718,30,173864674,173864704
ENSG00000234741,ENST00000448718,30,173866176,173866206
ENSG00000234741,ENST00000436285,30,173866176,173866206
ENSG00000234741,ENST00000456812,30,173864674,173864704
ENSG00000234741,ENST00000456812,30,173866176,173866206
ENSG00000234741,ENST00000452197,23,173864483,173864506
ENSG00000234741,ENST00000452197,30,173864674,173864704
ENSG00000234741,ENST00000450589,23,173864483,173864506
ENSG00000234741,ENST00000450589,30,173864674,173864704
ENSG00000234741,ENST00000450589,30,173866176,173866206
ENSG00000234741,ENST00000412059,30,173866176,173866206
ENSG00000234741,ENST00000431268,30,173866176,173866206
ENSG00000234741,ENST00000436656,23,173864483,173864506
ENSG00000234741,ENST00000436656,30,173864674,173864704
ENSG00000234741,ENST00000436656,30,173866176,173866206
ENSG00000234741,ENST00000430245,23,173864483,173864506
ENSG00000234741,ENST00000430245,30,173864674,173864704
ENSG00000234741,ENST00000430245,30,173866176,173866206
ENSG00000234741,ENST00000430245,29,173867980,173868009
ENSG00000234741,ENST00000422183,23,173864483,173864506
ENSG00000234741,ENST00000422183,30,173864674,173864704
ENSG00000234741,ENST00000422183,30,173866176,173866206
ENSG00000234741,ENST00000454068,23,173864483,173864506
ENSG00000234741,ENST00000454068,30,173864674,173864704
ENSG00000234741,ENST00000454068,30,173866176,173866206
ENSG00000234741,ENST00000444470,23,173864483,173864506
ENSG00000234741,ENST00000434796,23,173864483,173864506
ENSG00000234741,ENST00000449589,23,173864483,173864506
ENSG00000234741,ENST00000449589,30,173864674,173864704
ENSG00000234741,ENST00000449589,30,173866176,173866206
ENSG00000234741,ENST00000451607,23,173864483,173864506
ENSG00000234741,ENST00000451607,30,173864674,173864704
ENSG00000234741,ENST00000451607,30,173866176,173866206
ENSG00000234741,ENST00000422008,30,173866176,173866206
ENSG00000234741,ENST00000442067,30,173866176,173866206
ENSG00000234741,ENST00000455838,30,173866176,173866206
ENSG00000234741,ENST00000416952,30,173866176,173866206
ENSG00000234741,ENST00000432536,30,173866176,173866206
ENSG00000234741,ENST00000425771,30,173866176,173866206
ENSG00000116147,ENST00000263525,11,175656604,175656615
ENSG00000143207,ENST00000461830,18,176043185,176043203
ENSG00000143207,ENST00000461830,9,176043809,176043818
ENSG00000143340,ENST00000341785,22,179812109,179812131
ENSG00000198216,ENST00000367570,12,181750475,181750487
ENSG00000198216,ENST00000621791,12,181750475,181750487
ENSG00000198216,ENST00000360108,12,181750475,181750487
ENSG00000198216,ENST00000367573,12,181750475,181750487
ENSG00000198216,ENST00000357570,6,181732592,181732598
ENSG00000198216,ENST00000357570,10,181739259,181739269
ENSG00000198216,ENST00000367567,12,181750475,181750487
ENSG00000198216,ENST00000621551,12,181750475,181750487
ENSG00000198216,ENST00000358338,12,181750475,181750487
ENSG00000121446,ENST00000634723,22,182449277,182449299
ENSG00000116701,ENST00000367536,26,183564004,183564030
ENSG00000116701,ENST00000418089,26,183564004,183564030
ENSG00000116701,ENST00000413720,26,183564004,183564030
ENSG00000116701,ENST00000367535,26,183564004,183564030
ENSG00000116701,ENST00000420553,26,183564004,183564030
ENSG00000116701,ENST00000419402,26,183564004,183564030
ENSG00000285280,ENST00000643151,29,192238517,192238546
ENSG00000162687,ENST00000647658,21,196273467,196273488
ENSG00000162687,ENST00000609185,21,196273467,196273488
ENSG00000162687,ENST00000451324,21,196273467,196273488
ENSG00000162687,ENST00000610076,21,196273467,196273488
ENSG00000134376,ENST00000538660,13,197435599,197435612
ENSG00000151418,ENST00000489986,18,198536678,198536696
ENSG00000081237,ENST00000367379,27,198692346,198692373
ENSG00000081237,ENST00000367379,27,198704471,198704498
ENSG00000081237,ENST00000643513,27,198692346,198692373
ENSG00000081237,ENST00000643513,27,198704471,198704498
ENSG00000081237,ENST00000348564,27,198692346,198692373
ENSG00000081237,ENST00000348564,27,198704471,198704498
ENSG00000081237,ENST00000442510,27,198692346,198692373
ENSG00000081237,ENST00000442510,27,198704471,198704498
ENSG00000081237,ENST00000530727,27,198692346,198692373
ENSG00000081237,ENST00000530727,27,198704471,198704498
ENSG00000081237,ENST00000645247,27,198692346,198692373
ENSG00000081237,ENST00000462363,27,198692346,198692373
ENSG00000081237,ENST00000367367,27,198692346,198692373
ENSG00000081237,ENST00000367367,27,198704471,198704498
ENSG00000081237,ENST00000413409,27,198692346,198692373
ENSG00000081237,ENST00000529828,27,198692346,198692373
ENSG00000081237,ENST00000529828,27,198704471,198704498
ENSG00000081237,ENST00000418674,27,198692346,198692373
ENSG00000081237,ENST00000427110,27,198692346,198692373
ENSG00000081237,ENST00000391970,27,198692346,198692373
ENSG00000118194,ENST00000476888,9,201362385,201362394
ENSG00000118194,ENST00000460780,9,201362385,201362394
ENSG00000118194,ENST00000367318,9,201362385,201362394
ENSG00000118194,ENST00000367318,15,201372026,201372041
ENSG00000118194,ENST00000367318,11,201372144,201372155
ENSG00000118194,ENST00000367322,15,201372026,201372041
ENSG00000118194,ENST00000367322,11,201372144,201372155
ENSG00000118194,ENST00000491504,9,201362385,201362394
ENSG00000118194,ENST00000491504,15,201372026,201372041
ENSG00000118194,ENST00000491504,11,201372144,201372155
ENSG00000118194,ENST00000367317,6,201362385,201362391
ENSG00000118194,ENST00000367317,11,201372144,201372155
ENSG00000118194,ENST00000360372,30,201369815,201369845
ENSG00000118194,ENST00000360372,15,201372026,201372041
ENSG00000118194,ENST00000360372,11,201372144,201372155
ENSG00000118194,ENST00000236918,9,201362385,201362394
ENSG00000118194,ENST00000236918,30,201369815,201369845
ENSG00000118194,ENST00000236918,15,201372026,201372041
ENSG00000118194,ENST00000236918,11,201372144,201372155
ENSG00000118194,ENST00000458432,30,201369815,201369845
ENSG00000118194,ENST00000458432,19,201372026,201372045
ENSG00000118194,ENST00000367315,19,201372026,201372045
ENSG00000118194,ENST00000367315,15,201373196,201373211
ENSG00000118194,ENST00000367320,30,201369815,201369845
ENSG00000118194,ENST00000367320,15,201372026,201372041
ENSG00000118194,ENST00000367320,11,201372144,201372155
ENSG00000118194,ENST00000509001,9,201362385,201362394
ENSG00000118194,ENST00000509001,15,201372026,201372041
ENSG00000118194,ENST00000509001,11,201372144,201372155
ENSG00000118194,ENST00000438742,6,201362385,201362391
ENSG00000118194,ENST00000438742,11,201372144,201372155
ENSG00000118194,ENST00000515042,9,201362385,201362394
ENSG00000118194,ENST00000455702,30,201369815,201369845
ENSG00000118194,ENST00000455702,15,201372026,201372041
ENSG00000118194,ENST00000455702,11,201372144,201372155
ENSG00000118194,ENST00000422165,30,201369815,201369845
ENSG00000118194,ENST00000422165,11,201372144,201372155
ENSG00000118194,ENST00000412633,15,201372026,201372041
ENSG00000118194,ENST00000412633,11,201372144,201372155
ENSG00000118194,ENST00000475686,15,201372026,201372041
ENSG00000118194,ENST00000475686,11,201372144,201372155
ENSG00000118194,ENST00000472177,15,201372026,201372041
ENSG00000118194,ENST00000472177,11,201372144,201372155
ENSG00000159173,ENST00000622580,30,201417782,201417812
ENSG00000159173,ENST00000361379,4,201417115,201417119
ENSG00000159173,ENST00000361379,30,201417782,201417812
ENSG00000159173,ENST00000336092,4,201417115,201417119
ENSG00000159173,ENST00000336092,30,201417782,201417812
ENSG00000159173,ENST00000555948,4,201417115,201417119
ENSG00000159173,ENST00000555948,30,201417782,201417812
ENSG00000159173,ENST00000367312,4,201417115,201417119
ENSG00000159173,ENST00000367312,30,201417782,201417812
ENSG00000159173,ENST00000555340,4,201417115,201417119
ENSG00000159173,ENST00000556362,4,201417115,201417119
ENSG00000159173,ENST00000556362,30,201417782,201417812
ENSG00000159176,ENST00000526256,29,201496275,201496304
ENSG00000134369,ENST00000367302,24,201790553,201790577
ENSG00000134369,ENST00000367296,24,201790553,201790577
ENSG00000134369,ENST00000367296,9,201804488,201804497
ENSG00000134369,ENST00000367295,24,201790553,201790577
ENSG00000077157,ENST00000391959,17,202558876,202558893
ENSG00000077157,ENST00000608999,17,202558876,202558893
ENSG00000077157,ENST00000290419,17,202558876,202558893
ENSG00000077157,ENST00000491336,17,202558876,202558893
ENSG00000077157,ENST00000466273,17,202558876,202558893
ENSG00000077157,ENST00000634903,17,202558876,202558893
ENSG00000143847,ENST00000367240,27,203061651,203061678
ENSG00000143847,ENST00000447715,29,203037173,203037202
ENSG00000143847,ENST00000447715,27,203061651,203061678
ENSG00000143847,ENST00000295706,29,203037173,203037202
ENSG00000143847,ENST00000600426,27,203061651,203061678
ENSG00000143847,ENST00000272198,27,203061651,203061678
ENSG00000163485,ENST00000309502,18,203091692,203091710
ENSG00000133055,ENST00000621380,4,203169252,203169256
ENSG00000133055,ENST00000621380,9,203169257,203169266
ENSG00000133048,ENST00000255409,30,203186315,203186345
ENSG00000133063,ENST00000484834,30,203228532,203228562
ENSG00000133063,ENST00000367229,30,203228532,203228562
ENSG00000133063,ENST00000491855,30,203228532,203228562
ENSG00000133063,ENST00000255427,30,203228532,203228562
ENSG00000133063,ENST00000503786,30,203228532,203228562
ENSG00000133063,ENST00000513472,30,203228532,203228562
ENSG00000182004,ENST00000414487,27,203862195,203862222
ENSG00000143839,ENST00000272190,9,204157360,204157369
ENSG00000143839,ENST00000638118,9,204157360,204157369
ENSG00000163531,ENST00000339876,18,204950556,204950574
ENSG00000163531,ENST00000339876,15,204991291,204991306
ENSG00000163531,ENST00000539706,15,204991291,204991306
ENSG00000163531,ENST00000403080,18,204950556,204950574
ENSG00000163531,ENST00000404076,15,204991291,204991306
ENSG00000163531,ENST00000401399,18,204950556,204950574
ENSG00000163531,ENST00000401399,15,204991291,204991306
ENSG00000163531,ENST00000505079,18,204950556,204950574
ENSG00000163531,ENST00000404907,15,204991291,204991306
ENSG00000163531,ENST00000504476,18,204950556,204950574
ENSG00000163531,ENST00000430393,15,204991291,204991306
ENSG00000163531,ENST00000367173,15,204991291,204991306
ENSG00000163531,ENST00000492085,15,204991291,204991306
ENSG00000163531,ENST00000413225,15,204991291,204991306
ENSG00000117222,ENST00000264515,26,205115857,205115883
ENSG00000117222,ENST00000367164,26,205115857,205115883
ENSG00000133059,ENST00000615388,29,205163722,205163751
ENSG00000196550,ENST00000481737,16,206201873,206201889
ENSG00000266028,ENST00000605610,28,206419372,206419400
ENSG00000266028,ENST00000605610,25,206421249,206421274
ENSG00000266028,ENST00000624873,28,206419372,206419400
ENSG00000266028,ENST00000624873,25,206421249,206421274
ENSG00000266028,ENST00000573034,28,206419372,206419400
ENSG00000266028,ENST00000573034,25,206421249,206421274
ENSG00000266028,ENST00000605476,28,206419372,206419400
ENSG00000266028,ENST00000605476,25,206421249,206421274
ENSG00000196352,ENST00000367064,21,207339396,207339417
ENSG00000196352,ENST00000367063,21,207339396,207339417
ENSG00000196352,ENST00000391921,21,207339396,207339417
ENSG00000196352,ENST00000645323,21,207339396,207339417
ENSG00000196352,ENST00000314754,21,207339396,207339417
ENSG00000196352,ENST00000367067,21,207339396,207339417
ENSG00000196352,ENST00000644836,21,207339396,207339417
ENSG00000196352,ENST00000465534,21,207339396,207339417
ENSG00000196352,ENST00000476590,21,207339396,207339417
ENSG00000196352,ENST00000618707,21,207339396,207339417
ENSG00000196352,ENST00000635614,21,207339396,207339417
ENSG00000196352,ENST00000634386,21,207339396,207339417
ENSG00000117322,ENST00000367058,24,207479256,207479280
ENSG00000117322,ENST00000367057,24,207479256,207479280
ENSG00000117322,ENST00000367059,24,207479256,207479280
ENSG00000203710,ENST00000400960,24,207621972,207621996
ENSG00000203710,ENST00000367051,24,207621972,207621996
ENSG00000203710,ENST00000367053,24,207621972,207621996
ENSG00000203710,ENST00000367052,24,207621972,207621996
ENSG00000203710,ENST00000367049,24,207621972,207621996
ENSG00000203710,ENST00000529814,24,207621972,207621996
ENSG00000197721,ENST00000294997,24,207723617,207723641
ENSG00000117335,ENST00000488596,27,207785655,207785682
ENSG00000009790,ENST00000400959,25,209763067,209763092
ENSG00000009790,ENST00000400959,30,209763362,209763392
ENSG00000009790,ENST00000367025,25,209763067,209763092
ENSG00000009790,ENST00000367025,30,209763362,209763392
ENSG00000009790,ENST00000478359,25,209763067,209763092
ENSG00000009790,ENST00000478359,30,209763362,209763392
ENSG00000009790,ENST00000367026,25,209763067,209763092
ENSG00000009790,ENST00000367026,30,209763362,209763392
ENSG00000009790,ENST00000367024,25,209763067,209763092
ENSG00000009790,ENST00000367024,30,209763362,209763392
ENSG00000162772,ENST00000613954,5,212615017,212615022
ENSG00000162772,ENST00000366985,28,212615017,212615045
ENSG00000230461,ENST00000625511,27,213916072,213916099
ENSG00000230461,ENST00000629207,3,213837292,213837295
ENSG00000117724,ENST00000614578,14,214648484,214648498
ENSG00000082482,ENST00000478774,21,215082121,215082142
ENSG00000143353,ENST00000477938,27,219179399,219179426
ENSG00000143353,ENST00000463964,27,219179399,219179426
ENSG00000136628,ENST00000609181,21,220018125,220018146
ENSG00000154305,ENST00000344922,22,222648828,222648850
ENSG00000154305,ENST00000354906,22,222648828,222648850
ENSG00000154305,ENST00000340535,22,222648828,222648850
ENSG00000278610,ENST00000495684,30,222983079,222983109
ENSG00000154309,ENST00000284476,30,222983079,222983109
ENSG00000203697,ENST00000366872,12,223612245,223612257
ENSG00000162909,ENST00000433674,12,223757368,223757380
ENSG00000162909,ENST00000295006,12,223757368,223757380
ENSG00000162923,ENST00000480676,28,224389832,224389860
ENSG00000185842,ENST00000445597,29,225338258,225338287
ENSG00000154380,ENST00000635051,12,225531045,225531057
ENSG00000143811,ENST00000612651,29,225924044,225924073
ENSG00000143768,ENST00000420304,29,225939973,225940002
ENSG00000203685,ENST00000366788,9,226600665,226600674
ENSG00000203685,ENST00000366789,5,226601994,226601999
ENSG00000143776,ENST00000366764,17,227059372,227059389
ENSG00000154358,ENST00000422127,27,228369135,228369162
ENSG00000154358,ENST00000570156,27,228369135,228369162
ENSG00000154358,ENST00000366707,27,228369135,228369162
ENSG00000154358,ENST00000636875,27,228369135,228369162
ENSG00000154358,ENST00000636476,27,228369135,228369162
ENSG00000154370,ENST00000493030,23,228397142,228397165
ENSG00000154370,ENST00000284551,23,228397142,228397165
ENSG00000154370,ENST00000602582,23,228397142,228397165
ENSG00000154370,ENST00000366699,23,228397142,228397165
ENSG00000162931,ENST00000366697,23,228409388,228409411
ENSG00000162931,ENST00000366698,23,228409388,228409411
ENSG00000162931,ENST00000295033,23,228409388,228409411
ENSG00000162931,ENST00000456946,23,228409388,228409411
ENSG00000162931,ENST00000479800,23,228409388,228409411
ENSG00000143632,ENST00000366683,25,229432406,229432431
ENSG00000233461,ENST00000440665,27,231527765,231527792
ENSG00000086619,ENST00000354619,27,236230223,236230250
ENSG00000086619,ENST00000354619,12,236232827,236232839
ENSG00000116977,ENST00000527974,27,236542760,236542787
ENSG00000116977,ENST00000352231,27,236542760,236542787
ENSG00000116977,ENST00000406509,27,236542760,236542787
ENSG00000116977,ENST00000526589,27,236542760,236542787
ENSG00000116977,ENST00000341872,27,236542760,236542787
ENSG00000116977,ENST00000450372,27,236542760,236542787
ENSG00000116977,ENST00000416919,27,236542760,236542787
ENSG00000116977,ENST00000366584,27,236542760,236542787
ENSG00000116977,ENST00000238181,27,236542760,236542787
ENSG00000116977,ENST00000323938,27,236542760,236542787
ENSG00000116977,ENST00000526634,27,236542760,236542787
ENSG00000116977,ENST00000525042,27,236542760,236542787
ENSG00000116977,ENST00000528259,27,236542760,236542787
ENSG00000198626,ENST00000366574,21,237355964,237355985
ENSG00000198626,ENST00000366574,15,237364357,237364372
ENSG00000198626,ENST00000360064,21,237355964,237355985
ENSG00000198626,ENST00000360064,19,237784987,237785006
ENSG00000155816,ENST00000447095,12,240180168,240180180
ENSG00000155816,ENST00000545751,10,240334108,240334118
ENSG00000179397,ENST00000366534,25,244490446,244490471
ENSG00000179397,ENST00000366533,25,244490446,244490471
ENSG00000179397,ENST00000464170,25,244490446,244490471
ENSG00000162852,ENST00000483271,22,246641748,246641770
ENSG00000162852,ENST00000366513,22,246641748,246641770
ENSG00000162852,ENST00000366512,22,246641748,246641770
ENSG00000169224,ENST00000527084,29,247565930,247565959
ENSG00000169224,ENST00000536561,29,247565930,247565959
ENSG00000169224,ENST00000527541,29,247565930,247565959
ENSG00000169224,ENST00000366491,29,247565930,247565959
ENSG00000169224,ENST00000366489,29,247565930,247565959
ENSG00000169224,ENST00000526896,29,247565930,247565959
ENSG00000169224,ENST00000463359,29,247565930,247565959
ENSG00000169224,ENST00000529512,29,247565930,247565959
ENSG00000169224,ENST00000623578,29,247565930,247565959
ENSG00000169224,ENST00000366488,29,247565930,247565959
ENSG00000162722,ENST00000366481,23,247867844,247867867
ENSG00000143727,ENST00000405364,29,272036,272065
ENSG00000143727,ENST00000405233,29,272036,272065
ENSG00000143727,ENST00000453390,29,272036,272065
ENSG00000189292,ENST00000619265,25,287582,287607
ENSG00000235779,ENST00000612487,19,313873,313892
ENSG00000235779,ENST00000592687,11,313873,313884
ENSG00000235779,ENST00000589124,11,313873,313884
ENSG00000235779,ENST00000591244,19,313873,313892
ENSG00000032389,ENST00000441271,21,3214148,3214169
ENSG00000171863,ENST00000645540,21,3576609,3576630
ENSG00000151693,ENST00000641030,9,9336035,9336044
ENSG00000217258,ENST00000404616,23,10455245,10455268
ENSG00000143882,ENST00000635370,30,10757426,10757456
ENSG00000272275,ENST00000606907,9,10768784,10768793
ENSG00000134318,ENST00000315872,12,11218454,11218466
ENSG00000134318,ENST00000401753,12,11218454,11218466
ENSG00000079785,ENST00000381341,30,15596733,15596763
ENSG00000079785,ENST00000233084,30,15596733,15596763
ENSG00000163032,ENST00000451533,21,17546002,17546023
ENSG00000163032,ENST00000483921,21,17546002,17546023
ENSG00000185013,ENST00000406971,10,18584968,18584978
ENSG00000198399,ENST00000443927,22,24326659,24326681
ENSG00000138101,ENST00000406818,21,25419514,25419535
ENSG00000138101,ENST00000404103,21,25419514,25419535
ENSG00000138101,ENST00000407661,21,25419514,25419535
ENSG00000138101,ENST00000407038,21,25419514,25419535
ENSG00000143970,ENST00000435504,3,25835537,25835540
ENSG00000115155,ENST00000338581,30,26471120,26471150
ENSG00000115155,ENST00000339598,30,26471120,26471150
ENSG00000115155,ENST00000402415,30,26471120,26471150
ENSG00000115155,ENST00000272371,30,26471120,26471150
ENSG00000115155,ENST00000403946,30,26471120,26471150
ENSG00000115155,ENST00000646318,30,26471120,26471150
ENSG00000138080,ENST00000380320,18,27084990,27085008
ENSG00000138080,ENST00000433140,18,27084990,27085008
ENSG00000138100,ENST00000380075,23,27306079,27306102
ENSG00000138100,ENST00000296098,23,27306079,27306102
ENSG00000138100,ENST00000485306,23,27306079,27306102
ENSG00000115204,ENST00000428910,28,27316158,27316186
ENSG00000115207,ENST00000359541,26,27333973,27333999
ENSG00000115207,ENST00000264720,26,27333973,27333999
ENSG00000115207,ENST00000454704,26,27333973,27333999
ENSG00000115207,ENST00000622534,26,27333973,27333999
ENSG00000115211,ENST00000616081,16,27369875,27369891
ENSG00000115211,ENST00000616081,26,27369893,27369919
ENSG00000115211,ENST00000622434,18,27367804,27367822
ENSG00000115216,ENST00000379863,24,27435722,27435746
ENSG00000243147,ENST00000379666,19,27772673,27772692
ENSG00000243147,ENST00000296102,19,27772673,27772692
ENSG00000243147,ENST00000448427,19,27772673,27772692
ENSG00000243147,ENST00000483992,19,27772673,27772692
ENSG00000243147,ENST00000476552,19,27772673,27772692
ENSG00000189350,ENST00000401723,16,28994724,28994740
ENSG00000162949,ENST00000295055,12,30745722,30745734
ENSG00000162949,ENST00000458085,12,30745722,30745734
ENSG00000162949,ENST00000465450,12,30745722,30745734
ENSG00000214711,ENST00000398824,9,31191398,31191407
ENSG00000214711,ENST00000403897,9,31191398,31191407
ENSG00000223647,ENST00000416279,8,31794097,31794105
ENSG00000049323,ENST00000404816,23,33259587,33259610
ENSG00000049323,ENST00000418533,23,33259587,33259610
ENSG00000049323,ENST00000402934,23,33259587,33259610
ENSG00000049323,ENST00000404525,23,33259587,33259610
ENSG00000049323,ENST00000407925,23,33259587,33259610
ENSG00000049323,ENST00000413303,23,33259587,33259610
ENSG00000049323,ENST00000468091,23,33259587,33259610
ENSG00000223951,ENST00000456007,15,33061407,33061422
ENSG00000236213,ENST00000419425,25,37644416,37644441
ENSG00000119787,ENST00000406122,15,38296685,38296700
ENSG00000119787,ENST00000629272,15,38296685,38296700
ENSG00000231312,ENST00000426083,19,39587015,39587034
ENSG00000183023,ENST00000406785,18,40174824,40174842
ENSG00000183023,ENST00000407929,18,40174824,40174842
ENSG00000183023,ENST00000403092,15,40174705,40174720
ENSG00000183023,ENST00000403092,18,40174824,40174842
ENSG00000183023,ENST00000403092,21,40175260,40175281
ENSG00000183023,ENST00000405901,18,40174824,40174842
ENSG00000183023,ENST00000405901,21,40175260,40175281
ENSG00000183023,ENST00000402441,18,40174824,40174842
ENSG00000183023,ENST00000405269,18,40174824,40174842
ENSG00000183023,ENST00000408028,15,40174705,40174720
ENSG00000183023,ENST00000408028,18,40174824,40174842
ENSG00000183023,ENST00000332839,15,40174705,40174720
ENSG00000183023,ENST00000332839,18,40174824,40174842
ENSG00000183023,ENST00000332839,21,40175260,40175281
ENSG00000183023,ENST00000406391,18,40174824,40174842
ENSG00000143924,ENST00000318522,26,42264705,42264731
ENSG00000143924,ENST00000402711,26,42264705,42264731
ENSG00000143924,ENST00000401738,26,42264705,42264731
ENSG00000138095,ENST00000260665,28,43950572,43950600
ENSG00000138095,ENST00000467058,28,43950572,43950600
ENSG00000284608,ENST00000432241,28,46430175,46430203
ENSG00000116062,ENST00000622629,12,47806346,47806358
ENSG00000230773,ENST00000447571,26,47948383,47948409
ENSG00000230773,ENST00000649883,26,47948383,47948409
ENSG00000179915,ENST00000625672,27,50528624,50528651
ENSG00000179915,ENST00000625672,12,50921868,50921880
ENSG00000179915,ENST00000625672,30,50922657,50922687
ENSG00000179915,ENST00000625672,18,50925937,50925955
ENSG00000179915,ENST00000406316,27,50528624,50528651
ENSG00000179915,ENST00000406316,24,50621225,50621249
ENSG00000179915,ENST00000406316,12,50921868,50921880
ENSG00000179915,ENST00000406316,30,50922657,50922687
ENSG00000179915,ENST00000406316,18,50925937,50925955
ENSG00000179915,ENST00000404971,27,50528624,50528651
ENSG00000179915,ENST00000404971,12,50921868,50921880
ENSG00000179915,ENST00000404971,30,50922657,50922687
ENSG00000179915,ENST00000404971,18,50925937,50925955
ENSG00000179915,ENST00000401669,27,50528624,50528651
ENSG00000179915,ENST00000401669,24,50621225,50621249
ENSG00000179915,ENST00000401669,12,50921868,50921880
ENSG00000179915,ENST00000401669,30,50922657,50922687
ENSG00000179915,ENST00000401669,18,50925937,50925955
ENSG00000179915,ENST00000405472,27,50528624,50528651
ENSG00000179915,ENST00000405472,30,50922657,50922687
ENSG00000179915,ENST00000405472,18,50925937,50925955
ENSG00000179915,ENST00000630543,27,50528624,50528651
ENSG00000179915,ENST00000630543,12,50921868,50921880
ENSG00000179915,ENST00000630543,30,50922657,50922687
ENSG00000179915,ENST00000630543,18,50925937,50925955
ENSG00000179915,ENST00000636298,27,50528624,50528651
ENSG00000179915,ENST00000625320,27,50466460,50466487
ENSG00000179915,ENST00000406859,27,50528624,50528651
ENSG00000179915,ENST00000402717,27,50528624,50528651
ENSG00000179915,ENST00000630431,12,50921868,50921880
ENSG00000179915,ENST00000630431,30,50922657,50922687
ENSG00000179915,ENST00000630431,18,50925937,50925955
ENSG00000179915,ENST00000627198,12,50921868,50921880
ENSG00000179915,ENST00000627198,30,50922657,50922687
ENSG00000179915,ENST00000627198,18,50925937,50925955
ENSG00000179915,ENST00000405581,12,50921868,50921880
ENSG00000179915,ENST00000405581,30,50922657,50922687
ENSG00000179915,ENST00000405581,18,50925937,50925955
ENSG00000179915,ENST00000636066,12,50921868,50921880
ENSG00000179915,ENST00000636066,30,50922657,50922687
ENSG00000179915,ENST00000636066,18,50925937,50925955
ENSG00000179915,ENST00000637511,12,50921868,50921880
ENSG00000179915,ENST00000637511,30,50922657,50922687
ENSG00000179915,ENST00000637511,18,50925937,50925955
ENSG00000179915,ENST00000626899,12,50921868,50921880
ENSG00000179915,ENST00000626899,30,50922657,50922687
ENSG00000179915,ENST00000626899,15,50925937,50925952
ENSG00000170634,ENST00000607452,17,54135452,54135469
ENSG00000170634,ENST00000406041,17,54135452,54135469
ENSG00000170634,ENST00000303536,17,54135452,54135469
ENSG00000170634,ENST00000394666,17,54135452,54135469
ENSG00000170634,ENST00000494922,17,54135452,54135469
ENSG00000115306,ENST00000615901,2,54645156,54645158
ENSG00000115306,ENST00000615901,6,54649571,54649577
ENSG00000233723,ENST00000452840,27,59022955,59022982
ENSG00000233723,ENST00000650056,27,59022955,59022982
ENSG00000233723,ENST00000427421,28,58912718,58912746
ENSG00000233723,ENST00000427421,27,59022955,59022982
ENSG00000285673,ENST00000650010,27,59022955,59022982
ENSG00000162929,ENST00000453186,29,61117356,61117385
ENSG00000162929,ENST00000402291,29,61117356,61117385
ENSG00000162929,ENST00000295031,29,61117356,61117385
ENSG00000162929,ENST00000612149,29,61117356,61117385
ENSG00000162929,ENST00000453873,29,61117356,61117385
ENSG00000162929,ENST00000356719,29,61117356,61117385
ENSG00000162929,ENST00000488322,29,61117356,61117385
ENSG00000274769,ENST00000462959,29,61117356,61117385
ENSG00000173209,ENST00000410073,27,61185838,61185865
ENSG00000082898,ENST00000406957,26,61537561,61537587
ENSG00000082898,ENST00000443240,26,61537561,61537587
ENSG00000169764,ENST00000613823,11,63855717,63855728
ENSG00000138071,ENST00000377982,15,65242048,65242063
ENSG00000226819,ENST00000454167,19,66431819,66431838
ENSG00000232046,ENST00000433396,30,66675200,66675230
ENSG00000059728,ENST00000435990,30,69921735,69921765
ENSG00000059728,ENST00000264444,30,69921735,69921765
ENSG00000179818,ENST00000626898,29,70000529,70000558
ENSG00000143977,ENST00000272348,23,70289349,70289372
ENSG00000143977,ENST00000482975,23,70289349,70289372
ENSG00000143977,ENST00000438261,23,70289349,70289372
ENSG00000143977,ENST00000438261,29,70291280,70291309
ENSG00000143977,ENST00000449935,23,70289349,70289372
ENSG00000143977,ENST00000413456,23,70289349,70289372
ENSG00000143977,ENST00000454893,23,70289349,70289372
ENSG00000143977,ENST00000488400,23,70289349,70289372
ENSG00000075340,ENST00000522886,24,70677757,70677781
ENSG00000075340,ENST00000522886,6,70692546,70692552
ENSG00000135636,ENST00000409762,30,71601498,71601528
ENSG00000135636,ENST00000409762,30,71602775,71602805
ENSG00000135636,ENST00000409582,30,71601498,71601528
ENSG00000135636,ENST00000409582,30,71602775,71602805
ENSG00000135636,ENST00000429174,30,71601498,71601528
ENSG00000135636,ENST00000429174,30,71602775,71602805
ENSG00000135636,ENST00000413539,30,71601498,71601528
ENSG00000135636,ENST00000413539,30,71602775,71602805
ENSG00000135636,ENST00000258104,30,71601498,71601528
ENSG00000135636,ENST00000258104,30,71602775,71602805
ENSG00000135636,ENST00000409651,30,71601498,71601528
ENSG00000135636,ENST00000409651,30,71602775,71602805
ENSG00000135636,ENST00000394120,30,71601498,71601528
ENSG00000135636,ENST00000394120,30,71602775,71602805
ENSG00000135636,ENST00000409744,30,71601498,71601528
ENSG00000135636,ENST00000409744,30,71602775,71602805
ENSG00000135636,ENST00000409366,30,71601498,71601528
ENSG00000135636,ENST00000409366,30,71602775,71602805
ENSG00000135636,ENST00000410020,30,71601498,71601528
ENSG00000135636,ENST00000410020,30,71602775,71602805
ENSG00000135636,ENST00000410041,30,71601498,71601528
ENSG00000135636,ENST00000410041,30,71602775,71602805
ENSG00000135636,ENST00000479049,30,71601498,71601528
ENSG00000135636,ENST00000479049,30,71602775,71602805
ENSG00000135636,ENST00000472873,30,71602775,71602805
ENSG00000135636,ENST00000494501,30,71602775,71602805
ENSG00000144036,ENST00000634650,12,72182893,72182905
ENSG00000144040,ENST00000474528,26,73020238,73020264
ENSG00000144040,ENST00000474528,27,73023187,73023214
ENSG00000144040,ENST00000461352,26,73020238,73020264
ENSG00000144040,ENST00000461352,27,73023187,73023214
ENSG00000144040,ENST00000272433,26,73020238,73020264
ENSG00000144040,ENST00000272433,27,73023187,73023214
ENSG00000144040,ENST00000411783,26,73020238,73020264
ENSG00000144040,ENST00000411783,27,73023187,73023214
ENSG00000144040,ENST00000410065,26,73020238,73020264
ENSG00000144040,ENST00000410065,27,73023187,73023214
ENSG00000144040,ENST00000463277,26,73020238,73020264
ENSG00000144040,ENST00000416579,26,73020238,73020264
ENSG00000144040,ENST00000416579,27,73023187,73023214
ENSG00000144040,ENST00000464825,26,73020238,73020264
ENSG00000144040,ENST00000464825,27,73023187,73023214
ENSG00000144040,ENST00000450185,26,73020238,73020264
ENSG00000144040,ENST00000450185,27,73023187,73023214
ENSG00000144040,ENST00000442582,26,73020238,73020264
ENSG00000144040,ENST00000442582,27,73023187,73023214
ENSG00000144040,ENST00000487508,26,73020238,73020264
ENSG00000144040,ENST00000487508,27,73023187,73023214
ENSG00000144040,ENST00000497144,26,73020238,73020264
ENSG00000144040,ENST00000497144,27,73023187,73023214
ENSG00000144040,ENST00000479293,27,73023187,73023214
ENSG00000144040,ENST00000485057,27,73023187,73023214
ENSG00000144040,ENST00000475630,27,73023187,73023214
ENSG00000204843,ENST00000361874,15,74363613,74363628
ENSG00000204843,ENST00000361874,21,74372927,74372948
ENSG00000204843,ENST00000361874,18,74374322,74374340
ENSG00000204843,ENST00000361874,21,74376741,74376762
ENSG00000204843,ENST00000394003,15,74363613,74363628
ENSG00000204843,ENST00000394003,21,74372927,74372948
ENSG00000204843,ENST00000394003,18,74374322,74374340
ENSG00000204843,ENST00000628224,21,74372927,74372948
ENSG00000204843,ENST00000628224,18,74374322,74374340
ENSG00000204843,ENST00000628224,21,74376741,74376762
ENSG00000204843,ENST00000633691,15,74363613,74363628
ENSG00000204843,ENST00000633691,21,74372927,74372948
ENSG00000204843,ENST00000409438,21,74372927,74372948
ENSG00000204843,ENST00000409868,21,74372927,74372948
ENSG00000204843,ENST00000409868,18,74374322,74374340
ENSG00000204843,ENST00000409868,21,74376741,74376762
ENSG00000204843,ENST00000463583,21,74372927,74372948
ENSG00000204843,ENST00000477966,21,74372927,74372948
ENSG00000204843,ENST00000458655,21,74372927,74372948
ENSG00000204843,ENST00000458655,18,74374322,74374340
ENSG00000204843,ENST00000458655,21,74376741,74376762
ENSG00000115275,ENST00000409065,7,74463379,74463386
ENSG00000115275,ENST00000649601,30,74463189,74463219
ENSG00000115275,ENST00000649601,7,74463379,74463386
ENSG00000115275,ENST00000647771,7,74463379,74463386
ENSG00000159374,ENST00000290536,12,74559697,74559709
ENSG00000066032,ENST00000496251,13,79319711,79319724
ENSG00000162951,ENST00000415098,18,80303995,80304013
ENSG00000163541,ENST00000442240,19,84448928,84448947
ENSG00000042493,ENST00000409670,28,85402122,85402150
ENSG00000152292,ENST00000389938,26,85429586,85429612
ENSG00000152292,ENST00000389938,23,85433098,85433121
ENSG00000152292,ENST00000389938,25,85434472,85434497
ENSG00000152292,ENST00000488657,26,85429586,85429612
ENSG00000152292,ENST00000481395,23,85433098,85433121
ENSG00000152292,ENST00000481426,23,85433098,85433121
ENSG00000132300,ENST00000254630,29,86131077,86131106
ENSG00000132300,ENST00000476215,29,86131077,86131106
ENSG00000132300,ENST00000487043,29,86131077,86131106
ENSG00000132300,ENST00000469585,29,86131077,86131106
ENSG00000132305,ENST00000254636,15,86153559,86153574
ENSG00000132305,ENST00000449247,15,86153559,86153574
ENSG00000132305,ENST00000410111,15,86153559,86153574
ENSG00000132305,ENST00000419070,15,86153559,86153574
ENSG00000132305,ENST00000442664,15,86153559,86153574
ENSG00000132305,ENST00000409051,15,86153559,86153574
ENSG00000115548,ENST00000485171,30,86467338,86467368
ENSG00000230006,ENST00000622311,29,88782733,88782762
ENSG00000230006,ENST00000622311,29,88784597,88784626
ENSG00000230006,ENST00000622311,29,88786469,88786498
ENSG00000230006,ENST00000622311,29,88788317,88788346
ENSG00000230006,ENST00000622311,30,88805378,88805408
ENSG00000230006,ENST00000393515,29,88782733,88782762
ENSG00000230006,ENST00000393515,29,88784597,88784626
ENSG00000230006,ENST00000393515,29,88786469,88786498
ENSG00000230006,ENST00000393515,29,88788317,88788346
ENSG00000230006,ENST00000393515,30,88805378,88805408
ENSG00000230006,ENST00000575193,29,88784597,88784626
ENSG00000230006,ENST00000575193,29,88786469,88786498
ENSG00000230006,ENST00000575193,29,88788317,88788346
ENSG00000229089,ENST00000432432,29,94829169,94829198
ENSG00000144010,ENST00000639673,23,95479385,95479408
ENSG00000144010,ENST00000432468,23,95479385,95479408
ENSG00000226185,ENST00000427305,28,95516101,95516129
ENSG00000226185,ENST00000427305,23,95517503,95517526
ENSG00000232717,ENST00000443564,23,95578168,95578191
ENSG00000144015,ENST00000272395,23,95597328,95597351
ENSG00000174501,ENST00000612359,30,95851165,95851195
ENSG00000174501,ENST00000456556,29,95880594,95880623
ENSG00000174501,ENST00000456556,29,95882468,95882497
ENSG00000174501,ENST00000456556,29,95884339,95884368
ENSG00000174501,ENST00000456556,29,95886215,95886244
ENSG00000174501,ENST00000456556,29,95888091,95888120
ENSG00000174501,ENST00000456556,29,95889965,95889994
ENSG00000174501,ENST00000456556,29,95891831,95891860
ENSG00000174501,ENST00000456556,29,95899307,95899336
ENSG00000174501,ENST00000456556,29,95912406,95912435
ENSG00000174501,ENST00000456556,29,95914274,95914303
ENSG00000174501,ENST00000456556,29,95916142,95916171
ENSG00000174501,ENST00000456556,29,95918013,95918042
ENSG00000174501,ENST00000456556,29,95921781,95921810
ENSG00000174501,ENST00000456556,29,95923660,95923689
ENSG00000174501,ENST00000456556,29,95925518,95925547
ENSG00000174501,ENST00000456556,29,95927380,95927409
ENSG00000174501,ENST00000456556,29,95929238,95929267
ENSG00000174501,ENST00000456556,29,95935615,95935644
ENSG00000174501,ENST00000456556,29,95938986,95939015
ENSG00000174501,ENST00000456556,29,95958756,95958785
ENSG00000174501,ENST00000456556,29,95960638,95960667
ENSG00000174501,ENST00000456556,29,95962518,95962547
ENSG00000174501,ENST00000531153,29,95880594,95880623
ENSG00000174501,ENST00000531153,29,95882468,95882497
ENSG00000174501,ENST00000531153,29,95884339,95884368
ENSG00000174501,ENST00000531153,29,95886215,95886244
ENSG00000174501,ENST00000531153,29,95888091,95888120
ENSG00000174501,ENST00000531153,29,95889965,95889994
ENSG00000174501,ENST00000531153,29,95891831,95891860
ENSG00000174501,ENST00000531153,29,95893695,95893724
ENSG00000174501,ENST00000531153,29,95895561,95895590
ENSG00000174501,ENST00000531153,29,95903052,95903081
ENSG00000174501,ENST00000531153,29,95904923,95904952
ENSG00000174501,ENST00000534304,29,95880594,95880623
ENSG00000174501,ENST00000534304,29,95882468,95882497
ENSG00000174501,ENST00000534304,29,95884339,95884368
ENSG00000174501,ENST00000534304,29,95886215,95886244
ENSG00000174501,ENST00000534304,29,95888091,95888120
ENSG00000174501,ENST00000534304,29,95889965,95889994
ENSG00000174501,ENST00000534304,29,95891831,95891860
ENSG00000174501,ENST00000534304,29,95899307,95899336
ENSG00000174501,ENST00000534304,29,95912406,95912435
ENSG00000174501,ENST00000534304,29,95914274,95914303
ENSG00000174501,ENST00000534304,29,95916142,95916171
ENSG00000174501,ENST00000534304,29,95918013,95918042
ENSG00000174501,ENST00000534304,29,95921781,95921810
ENSG00000174501,ENST00000534304,29,95923660,95923689
ENSG00000174501,ENST00000534304,29,95925518,95925547
ENSG00000174501,ENST00000534304,29,95927380,95927409
ENSG00000174501,ENST00000534304,29,95929238,95929267
ENSG00000174501,ENST00000534304,29,95935615,95935644
ENSG00000174501,ENST00000534304,29,95938986,95939015
ENSG00000174501,ENST00000295246,29,95880594,95880623
ENSG00000174501,ENST00000295246,29,95882468,95882497
ENSG00000174501,ENST00000295246,29,95884339,95884368
ENSG00000174501,ENST00000295246,29,95886215,95886244
ENSG00000174501,ENST00000295246,29,95888091,95888120
ENSG00000174501,ENST00000295246,29,95889965,95889994
ENSG00000174501,ENST00000295246,29,95891831,95891860
ENSG00000174501,ENST00000295246,29,95910539,95910568
ENSG00000174501,ENST00000295246,29,95912406,95912435
ENSG00000174501,ENST00000295246,29,95914274,95914303
ENSG00000174501,ENST00000295246,29,95916142,95916171
ENSG00000174501,ENST00000295246,29,95919891,95919920
ENSG00000174501,ENST00000295246,29,95921781,95921810
ENSG00000174501,ENST00000295246,29,95923660,95923689
ENSG00000174501,ENST00000295246,29,95925518,95925547
ENSG00000174501,ENST00000295246,29,95927380,95927409
ENSG00000174501,ENST00000295246,29,95929238,95929267
ENSG00000174501,ENST00000295246,29,95935615,95935644
ENSG00000174501,ENST00000295246,29,95938986,95939015
ENSG00000174501,ENST00000528268,29,95927380,95927409
ENSG00000174501,ENST00000528268,29,95929238,95929267
ENSG00000174501,ENST00000528268,29,95935615,95935644
ENSG00000174501,ENST00000528268,29,95938986,95939015
ENSG00000174501,ENST00000528268,29,95958756,95958785
ENSG00000174501,ENST00000528268,29,95960638,95960667
ENSG00000174501,ENST00000528268,29,95962518,95962547
ENSG00000114982,ENST00000447759,21,96627921,96627942
ENSG00000114982,ENST00000452268,30,96634148,96634178
ENSG00000249715,ENST00000436930,26,96696051,96696077
ENSG00000249715,ENST00000624922,26,96696051,96696077
ENSG00000249715,ENST00000623019,26,96696051,96696077
ENSG00000249715,ENST00000623246,14,96687721,96687735
ENSG00000249715,ENST00000623246,2,96688964,96688966
ENSG00000249715,ENST00000623246,1,96695296,96695297
ENSG00000249715,ENST00000623246,26,96696051,96696077
ENSG00000249715,ENST00000641731,3,96661795,96661798
ENSG00000249715,ENST00000641731,26,96696051,96696077
ENSG00000249715,ENST00000457909,26,96696051,96696077
ENSG00000135976,ENST00000461153,29,97142639,97142668
ENSG00000135976,ENST00000461153,29,97144517,97144546
ENSG00000135976,ENST00000461153,29,97164282,97164311
ENSG00000135976,ENST00000461153,29,97167576,97167605
ENSG00000135976,ENST00000461153,29,97179737,97179766
ENSG00000135976,ENST00000461153,29,97181597,97181626
ENSG00000135976,ENST00000461153,29,97183458,97183487
ENSG00000135976,ENST00000461153,29,97185315,97185344
ENSG00000135976,ENST00000461153,29,97187197,97187226
ENSG00000135976,ENST00000461153,29,97189086,97189115
ENSG00000135976,ENST00000461153,29,97190977,97191006
ENSG00000135976,ENST00000461153,29,97192857,97192886
ENSG00000135976,ENST00000461153,29,97194725,97194754
ENSG00000135976,ENST00000461153,29,97196592,97196621
ENSG00000135976,ENST00000461153,29,97198462,97198491
ENSG00000135976,ENST00000461153,29,97200333,97200362
ENSG00000135976,ENST00000461153,29,97202201,97202230
ENSG00000135976,ENST00000461153,29,97204067,97204096
ENSG00000135976,ENST00000461153,29,97205939,97205968
ENSG00000135976,ENST00000461153,29,97207810,97207839
ENSG00000135976,ENST00000461153,29,97209680,97209709
ENSG00000135976,ENST00000461153,29,97211545,97211574
ENSG00000135976,ENST00000461153,29,97213418,97213447
ENSG00000135976,ENST00000461153,29,97215300,97215329
ENSG00000135976,ENST00000461153,29,97217176,97217205
ENSG00000135976,ENST00000461153,29,97219049,97219078
ENSG00000135976,ENST00000639293,21,97142639,97142660
ENSG00000135976,ENST00000639293,2,97163238,97163240
ENSG00000135976,ENST00000620383,26,97142639,97142665
ENSG00000135976,ENST00000620383,29,97164282,97164311
ENSG00000135976,ENST00000620383,29,97167576,97167605
ENSG00000135976,ENST00000620383,29,97179737,97179766
ENSG00000135976,ENST00000620383,29,97198462,97198491
ENSG00000135976,ENST00000420699,29,97142639,97142668
ENSG00000135976,ENST00000420699,29,97144517,97144546
ENSG00000135976,ENST00000420699,29,97164282,97164311
ENSG00000135976,ENST00000420699,29,97167576,97167605
ENSG00000135976,ENST00000420699,29,97179737,97179766
ENSG00000135976,ENST00000420699,29,97181597,97181626
ENSG00000135976,ENST00000420699,29,97183458,97183487
ENSG00000135976,ENST00000420699,29,97185315,97185344
ENSG00000135976,ENST00000420699,29,97187197,97187226
ENSG00000135976,ENST00000420699,29,97189086,97189115
ENSG00000135976,ENST00000420699,29,97190977,97191006
ENSG00000135976,ENST00000420699,29,97192857,97192886
ENSG00000135976,ENST00000420699,29,97194725,97194754
ENSG00000135976,ENST00000420699,29,97196592,97196621
ENSG00000135976,ENST00000420699,29,97198462,97198491
ENSG00000135976,ENST00000420699,29,97200333,97200362
ENSG00000135976,ENST00000420699,29,97202201,97202230
ENSG00000135976,ENST00000420699,29,97204067,97204096
ENSG00000135976,ENST00000420699,29,97205939,97205968
ENSG00000135976,ENST00000420699,29,97207810,97207839
ENSG00000135976,ENST00000420699,29,97209680,97209709
ENSG00000135976,ENST00000420699,29,97211545,97211574
ENSG00000135976,ENST00000420699,29,97213418,97213447
ENSG00000135976,ENST00000420699,29,97215300,97215329
ENSG00000135976,ENST00000420699,29,97217176,97217205
ENSG00000135976,ENST00000420699,29,97219049,97219078
ENSG00000135976,ENST00000421946,29,97215300,97215329
ENSG00000135976,ENST00000421946,29,97217176,97217205
ENSG00000135976,ENST00000421946,29,97219049,97219078
ENSG00000196912,ENST00000359901,30,97507035,97507065
ENSG00000196912,ENST00000359901,29,97536467,97536496
ENSG00000196912,ENST00000359901,29,97538334,97538363
ENSG00000196912,ENST00000359901,29,97540200,97540229
ENSG00000196912,ENST00000359901,29,97542078,97542107
ENSG00000196912,ENST00000359901,29,97543956,97543985
ENSG00000196912,ENST00000359901,29,97545832,97545861
ENSG00000196912,ENST00000359901,29,97547702,97547731
ENSG00000196912,ENST00000359901,29,97549585,97549614
ENSG00000196912,ENST00000359901,29,97551451,97551480
ENSG00000196912,ENST00000359901,29,97553342,97553371
ENSG00000196912,ENST00000359901,29,97555225,97555254
ENSG00000196912,ENST00000359901,29,97557103,97557132
ENSG00000196912,ENST00000359901,29,97558965,97558994
ENSG00000196912,ENST00000359901,29,97560831,97560860
ENSG00000196912,ENST00000488634,30,97507035,97507065
ENSG00000196912,ENST00000497329,30,97507035,97507065
ENSG00000196912,ENST00000258459,30,97507035,97507065
ENSG00000196912,ENST00000258459,29,97536467,97536496
ENSG00000196912,ENST00000258459,29,97538334,97538363
ENSG00000196912,ENST00000258459,29,97540200,97540229
ENSG00000196912,ENST00000258459,29,97542078,97542107
ENSG00000196912,ENST00000258459,29,97543956,97543985
ENSG00000196912,ENST00000258459,29,97545832,97545861
ENSG00000196912,ENST00000258459,29,97547702,97547731
ENSG00000196912,ENST00000258459,29,97549585,97549614
ENSG00000196912,ENST00000258459,29,97551451,97551480
ENSG00000196912,ENST00000258459,29,97553342,97553371
ENSG00000196912,ENST00000258459,29,97555225,97555254
ENSG00000196912,ENST00000258459,29,97557103,97557132
ENSG00000196912,ENST00000258459,29,97558965,97558994
ENSG00000196912,ENST00000258459,29,97560831,97560860
ENSG00000196912,ENST00000438709,30,97507035,97507065
ENSG00000196912,ENST00000438709,29,97536467,97536496
ENSG00000196912,ENST00000438709,29,97538334,97538363
ENSG00000196912,ENST00000438709,4,97539721,97539725
ENSG00000196912,ENST00000438709,29,97542078,97542107
ENSG00000196912,ENST00000438709,29,97543956,97543985
ENSG00000196912,ENST00000438709,29,97545832,97545861
ENSG00000196912,ENST00000438709,26,97547207,97547233
ENSG00000196912,ENST00000438709,29,97547702,97547731
ENSG00000196912,ENST00000438709,29,97549585,97549614
ENSG00000196912,ENST00000438709,29,97551451,97551480
ENSG00000196912,ENST00000438709,29,97553342,97553371
ENSG00000196912,ENST00000438709,29,97555225,97555254
ENSG00000196912,ENST00000438709,29,97557103,97557132
ENSG00000196912,ENST00000438709,29,97558965,97558994
ENSG00000196912,ENST00000438709,29,97560831,97560860
ENSG00000196912,ENST00000443455,29,97547702,97547731
ENSG00000196912,ENST00000443455,29,97549585,97549614
ENSG00000196912,ENST00000443455,29,97551451,97551480
ENSG00000196912,ENST00000443455,29,97553342,97553371
ENSG00000196912,ENST00000443455,29,97555225,97555254
ENSG00000196912,ENST00000443455,29,97557103,97557132
ENSG00000196912,ENST00000443455,29,97558965,97558994
ENSG00000196912,ENST00000443455,29,97560831,97560860
ENSG00000196912,ENST00000419390,29,97551451,97551480
ENSG00000196912,ENST00000419390,29,97553342,97553371
ENSG00000196912,ENST00000419390,29,97555225,97555254
ENSG00000196912,ENST00000419390,29,97557103,97557132
ENSG00000196912,ENST00000419390,29,97558965,97558994
ENSG00000196912,ENST00000419390,29,97560831,97560860
ENSG00000040933,ENST00000409016,15,98548954,98548969
ENSG00000040933,ENST00000074304,15,98548954,98548969
ENSG00000040933,ENST00000409540,15,98548954,98548969
ENSG00000040933,ENST00000523221,15,98548954,98548969
ENSG00000135951,ENST00000462782,25,99118776,99118801
ENSG00000158417,ENST00000617677,2,99371137,99371139
ENSG00000204640,ENST00000376865,24,100477243,100477267
ENSG00000071054,ENST00000634702,9,101868028,101868037
ENSG00000071054,ENST00000302217,9,101868028,101868037
ENSG00000233639,ENST00000413121,29,104812708,104812737
ENSG00000239587,ENST00000454183,22,104865810,104865832
ENSG00000115652,ENST00000283148,28,106166055,106166083
ENSG00000115652,ENST00000409501,28,106166055,106166083
ENSG00000115652,ENST00000483426,28,106166055,106166083
ENSG00000115652,ENST00000474920,28,106166055,106166083
ENSG00000153208,ENST00000616902,15,111994705,111994720
ENSG00000153208,ENST00000616902,12,111995465,111995477
ENSG00000153208,ENST00000616902,25,111996151,111996176
ENSG00000153208,ENST00000616902,28,111996460,111996488
ENSG00000153208,ENST00000616902,14,111996534,111996548
ENSG00000153208,ENST00000616902,19,111997248,111997267
ENSG00000153208,ENST00000616902,12,112008801,112008813
ENSG00000153208,ENST00000616902,24,112009923,112009947
ENSG00000153208,ENST00000616902,21,112010248,112010269
ENSG00000153208,ENST00000616902,26,112013239,112013265
ENSG00000153208,ENST00000616902,20,112013538,112013558
ENSG00000153208,ENST00000616902,7,112015802,112015809
ENSG00000153208,ENST00000616902,22,112022501,112022523
ENSG00000153208,ENST00000616902,15,112024856,112024871
ENSG00000153208,ENST00000616902,28,112026165,112026193
ENSG00000153208,ENST00000616902,30,112028275,112028305
ENSG00000153208,ENST00000616902,28,112028360,112028388
ENSG00000144161,ENST00000615791,20,112230902,112230922
ENSG00000144161,ENST00000615791,27,112230923,112230950
ENSG00000144134,ENST00000393167,30,113632914,113632944
ENSG00000144134,ENST00000409842,30,113632914,113632944
ENSG00000144134,ENST00000413545,30,113632914,113632944
ENSG00000144134,ENST00000393165,30,113632914,113632944
ENSG00000144134,ENST00000450954,30,113632914,113632944
ENSG00000144134,ENST00000467600,30,113632914,113632944
ENSG00000144134,ENST00000452831,30,113632914,113632944
ENSG00000144134,ENST00000465711,30,113632914,113632944
ENSG00000144134,ENST00000393166,30,113632914,113632944
ENSG00000144134,ENST00000409875,30,113632914,113632944
ENSG00000144134,ENST00000376439,30,113632914,113632944
ENSG00000144134,ENST00000409121,30,113632914,113632944
ENSG00000144134,ENST00000493876,30,113632914,113632944
ENSG00000125629,ENST00000485520,8,118096418,118096426
ENSG00000125629,ENST00000467223,8,118096418,118096426
ENSG00000125629,ENST00000614681,24,118108280,118108304
ENSG00000088179,ENST00000485247,18,119882131,119882149
ENSG00000115109,ENST00000263713,28,120093248,120093276
ENSG00000115109,ENST00000443902,28,120093248,120093276
ENSG00000115109,ENST00000331393,28,120093248,120093276
ENSG00000115109,ENST00000443124,28,120093248,120093276
ENSG00000115109,ENST00000452780,28,120093248,120093276
ENSG00000115109,ENST00000489017,28,120093248,120093276
ENSG00000115109,ENST00000461128,28,120093248,120093276
ENSG00000115109,ENST00000495030,29,120104059,120104088
ENSG00000144118,ENST00000470417,16,120286066,120286082
ENSG00000074054,ENST00000646274,3,121401867,121401870
ENSG00000074054,ENST00000646274,27,121427403,121427430
ENSG00000074054,ENST00000409078,3,121401867,121401870
ENSG00000074054,ENST00000409078,24,121409023,121409047
ENSG00000074054,ENST00000409078,27,121427403,121427430
ENSG00000074054,ENST00000541377,3,121401867,121401870
ENSG00000074054,ENST00000541377,24,121409023,121409047
ENSG00000074054,ENST00000397587,3,121401867,121401870
ENSG00000074054,ENST00000397587,24,121409023,121409047
ENSG00000074054,ENST00000397587,27,121427403,121427430
ENSG00000074054,ENST00000397587,24,121444938,121444962
ENSG00000074054,ENST00000263710,3,121401867,121401870
ENSG00000074054,ENST00000263710,27,121427403,121427430
ENSG00000074054,ENST00000455322,24,121409023,121409047
ENSG00000074054,ENST00000455322,27,121427403,121427430
ENSG00000074054,ENST00000455322,24,121444938,121444962
ENSG00000074054,ENST00000452274,3,121401867,121401870
ENSG00000074054,ENST00000452274,24,121409023,121409047
ENSG00000074054,ENST00000452274,27,121427403,121427430
ENSG00000237524,ENST00000643416,18,126899835,126899853
ENSG00000237524,ENST00000436605,18,126899835,126899853
ENSG00000136717,ENST00000357970,24,127053421,127053445
ENSG00000136717,ENST00000316724,24,127053421,127053445
ENSG00000115718,ENST00000419985,25,127422916,127422941
ENSG00000115718,ENST00000234071,25,127422916,127422941
ENSG00000115718,ENST00000429925,25,127422916,127422941
ENSG00000115718,ENST00000442644,25,127422916,127422941
ENSG00000115718,ENST00000427769,25,127422916,127422941
ENSG00000115718,ENST00000431364,25,127422916,127422941
ENSG00000115718,ENST00000409048,25,127422916,127422941
ENSG00000163166,ENST00000436740,28,127506691,127506719
ENSG00000136731,ENST00000438277,24,128156391,128156415
ENSG00000136731,ENST00000376723,24,128156391,128156415
ENSG00000136731,ENST00000259253,24,128156391,128156415
ENSG00000196834,ENST00000615053,13,130465651,130465664
ENSG00000196834,ENST00000615053,13,130488188,130488201
ENSG00000188219,ENST00000613282,13,131239274,131239287
ENSG00000188219,ENST00000613282,13,131261833,131261846
ENSG00000176771,ENST00000317721,5,133381509,133381514
ENSG00000176771,ENST00000405974,5,133381509,133381514
ENSG00000115839,ENST00000442034,21,135167692,135167713
ENSG00000121988,ENST00000412849,12,135165142,135165154
ENSG00000121988,ENST00000619650,12,135165142,135165154
ENSG00000121988,ENST00000401392,19,135390801,135390820
ENSG00000121988,ENST00000536680,19,135390801,135390820
ENSG00000121988,ENST00000264159,19,135390801,135390820
ENSG00000121988,ENST00000403017,19,135390801,135390820
ENSG00000121988,ENST00000492193,19,135390801,135390820
ENSG00000144224,ENST00000272638,29,135753538,135753567
ENSG00000144224,ENST00000415164,29,135753538,135753567
ENSG00000144224,ENST00000470687,29,135753538,135753567
ENSG00000144229,ENST00000413152,2,137563212,137563214
ENSG00000169554,ENST00000440875,14,144399536,144399550
ENSG00000150556,ENST00000473975,29,149161448,149161477
ENSG00000236049,ENST00000441356,30,150571063,150571093
ENSG00000283228,ENST00000637224,20,151870841,151870861
ENSG00000283228,ENST00000637559,20,151870841,151870861
ENSG00000182389,ENST00000539935,20,151870841,151870861
ENSG00000182389,ENST00000637547,20,151870841,151870861
ENSG00000182389,ENST00000636901,20,151870841,151870861
ENSG00000182389,ENST00000635738,20,151870841,151870861
ENSG00000182389,ENST00000636130,20,151870841,151870861
ENSG00000182389,ENST00000637217,20,151870841,151870861
ENSG00000182389,ENST00000637309,20,151870841,151870861
ENSG00000182389,ENST00000636350,20,151870841,151870861
ENSG00000182389,ENST00000636598,20,151870841,151870861
ENSG00000182389,ENST00000638005,20,151870841,151870861
ENSG00000182389,ENST00000636507,20,151870841,151870861
ENSG00000182389,ENST00000635930,20,151870841,151870861
ENSG00000182389,ENST00000636442,20,151870841,151870861
ENSG00000182389,ENST00000636785,20,151870841,151870861
ENSG00000182389,ENST00000638091,20,151870841,151870861
ENSG00000182389,ENST00000636773,20,151870841,151870861
ENSG00000182389,ENST00000637132,20,151870841,151870861
ENSG00000182389,ENST00000637762,20,151870841,151870861
ENSG00000182389,ENST00000637436,20,151870841,151870861
ENSG00000182389,ENST00000635803,20,151870841,151870861
ENSG00000182389,ENST00000534999,20,151870841,151870861
ENSG00000182389,ENST00000637913,20,151870841,151870861
ENSG00000182389,ENST00000637284,20,151870841,151870861
ENSG00000182389,ENST00000439467,20,151870841,151870861
ENSG00000182389,ENST00000637319,20,151870841,151870861
ENSG00000182389,ENST00000637418,20,151870841,151870861
ENSG00000182389,ENST00000397327,20,151870841,151870861
ENSG00000182389,ENST00000637330,20,151870841,151870861
ENSG00000182389,ENST00000427385,20,151870841,151870861
ENSG00000182389,ENST00000636721,20,151870841,151870861
ENSG00000182389,ENST00000636664,20,151870841,151870861
ENSG00000182389,ENST00000636108,20,151870841,151870861
ENSG00000182389,ENST00000637535,20,151870841,151870861
ENSG00000182389,ENST00000637491,20,151870841,151870861
ENSG00000182389,ENST00000635904,20,151870841,151870861
ENSG00000182389,ENST00000637530,20,151870841,151870861
ENSG00000182389,ENST00000360283,17,151869176,151869193
ENSG00000182389,ENST00000360283,20,151870841,151870861
ENSG00000182389,ENST00000637514,20,151870841,151870861
ENSG00000182389,ENST00000637956,20,151870841,151870861
ENSG00000182389,ENST00000637828,20,151870841,151870861
ENSG00000182389,ENST00000637765,20,151870841,151870861
ENSG00000182389,ENST00000201943,20,151870841,151870861
ENSG00000182389,ENST00000637216,20,151870841,151870861
ENSG00000182389,ENST00000637622,20,151870841,151870861
ENSG00000182389,ENST00000636947,20,151870841,151870861
ENSG00000182389,ENST00000470066,20,151870841,151870861
ENSG00000182389,ENST00000636129,20,151870841,151870861
ENSG00000182389,ENST00000434468,20,151870841,151870861
ENSG00000157827,ENST00000475377,21,152622536,152622557
ENSG00000196504,ENST00000410080,25,152677450,152677475
ENSG00000196504,ENST00000410080,17,152690961,152690978
ENSG00000196504,ENST00000648940,25,152677450,152677475
ENSG00000196504,ENST00000648940,17,152690961,152690978
ENSG00000196504,ENST00000354363,25,152677450,152677475
ENSG00000196504,ENST00000354363,17,152690961,152690978
ENSG00000196504,ENST00000545856,25,152677450,152677475
ENSG00000196504,ENST00000545856,17,152690961,152690978
ENSG00000196504,ENST00000493468,25,152677450,152677475
ENSG00000196504,ENST00000493468,17,152690961,152690978
ENSG00000196504,ENST00000467114,17,152690961,152690978
ENSG00000153234,ENST00000409108,17,156326311,156326328
ENSG00000153234,ENST00000429376,17,156326311,156326328
ENSG00000144283,ENST00000628904,18,158666412,158666430
ENSG00000144283,ENST00000628904,18,158666432,158666450
ENSG00000123636,ENST00000294905,27,159397073,159397100
ENSG00000123636,ENST00000343439,8,159404902,159404910
ENSG00000241399,ENST00000429078,27,159777937,159777964
ENSG00000241399,ENST00000553424,27,159777937,159777964
ENSG00000241399,ENST00000259053,27,159777937,159777964
ENSG00000241399,ENST00000480212,27,159777937,159777964
ENSG00000248672,ENST00000504764,27,159777937,159777964
ENSG00000248672,ENST00000505052,27,159777937,159777964
ENSG00000184611,ENST00000332142,21,162512653,162512674
ENSG00000184611,ENST00000618399,21,162512653,162512674
ENSG00000082438,ENST00000629362,21,164800533,164800554
ENSG00000082438,ENST00000445474,21,164800533,164800554
ENSG00000153253,ENST00000640652,27,165119749,165119776
ENSG00000136546,ENST00000619410,1,166473891,166473892
ENSG00000198648,ENST00000487143,30,168074981,168075011
ENSG00000198648,ENST00000355999,30,168074981,168075011
ENSG00000172292,ENST00000392687,24,168766321,168766345
ENSG00000073734,ENST00000263817,22,169016777,169016799
ENSG00000073734,ENST00000650372,22,169016777,169016799
ENSG00000163093,ENST00000295240,24,169504302,169504326
ENSG00000163093,ENST00000392663,24,169504302,169504326
ENSG00000163093,ENST00000472667,24,169504302,169504326
ENSG00000251569,ENST00000513963,24,169504302,169504326
ENSG00000138398,ENST00000260970,30,169614463,169614493
ENSG00000138398,ENST00000433207,30,169614463,169614493
ENSG00000138398,ENST00000409714,30,169614463,169614493
ENSG00000138398,ENST00000462903,30,169614463,169614493
ENSG00000138398,ENST00000448752,30,169614463,169614493
ENSG00000138398,ENST00000414307,30,169614463,169614493
ENSG00000138398,ENST00000417938,30,169614463,169614493
ENSG00000231898,ENST00000629445,12,170344340,170344352
ENSG00000231898,ENST00000413923,24,170343816,170343840
ENSG00000231898,ENST00000630683,14,170349837,170349851
ENSG00000077380,ENST00000397119,18,171706546,171706564
ENSG00000077380,ENST00000409773,18,171706546,171706564
ENSG00000077380,ENST00000409453,18,171706546,171706564
ENSG00000077380,ENST00000443458,18,171706546,171706564
ENSG00000115840,ENST00000475360,21,171852667,171852688
ENSG00000091428,ENST00000397081,20,172922280,172922300
ENSG00000091428,ENST00000409036,20,172922280,172922300
ENSG00000091428,ENST00000397087,20,172922280,172922300
ENSG00000091428,ENST00000473003,20,172922280,172922300
ENSG00000091428,ENST00000538974,20,172922280,172922300
ENSG00000091428,ENST00000540783,20,172922280,172922300
ENSG00000091428,ENST00000473043,20,172922280,172922300
ENSG00000091436,ENST00000539448,29,173190894,173190923
ENSG00000091436,ENST00000409176,29,173190894,173190923
ENSG00000091436,ENST00000468408,29,173190894,173190923
ENSG00000091436,ENST00000338983,29,173190894,173190923
ENSG00000091436,ENST00000476618,29,173190894,173190923
ENSG00000091436,ENST00000375213,29,173190894,173190923
ENSG00000091436,ENST00000480606,29,173190894,173190923
ENSG00000138433,ENST00000342016,11,174380803,174380814
ENSG00000138433,ENST00000461454,11,174380803,174380814
ENSG00000115966,ENST00000538946,3,175114771,175114774
ENSG00000115966,ENST00000538946,15,175114779,175114794
ENSG00000116044,ENST00000430047,18,177234253,177234271
ENSG00000155657,ENST00000342992,27,178702039,178702066
ENSG00000155657,ENST00000589042,27,178702039,178702066
ENSG00000155657,ENST00000591111,27,178702039,178702066
ENSG00000155657,ENST00000615779,27,178702039,178702066
ENSG00000155657,ENST00000414766,27,178702039,178702066
ENSG00000187231,ENST00000335289,18,179123714,179123732
ENSG00000188452,ENST00000410087,26,181547821,181547847
ENSG00000188452,ENST00000409440,26,181547821,181547847
ENSG00000188452,ENST00000374969,26,181547821,181547847
ENSG00000188452,ENST00000452174,26,181547821,181547847
ENSG00000188452,ENST00000339098,26,181547821,181547847
ENSG00000188452,ENST00000374970,26,181547821,181547847
ENSG00000188452,ENST00000374967,26,181547821,181547847
ENSG00000188452,ENST00000479558,26,181547821,181547847
ENSG00000077232,ENST00000640034,21,182728862,182728883
ENSG00000077232,ENST00000613960,21,182728862,182728883
ENSG00000061676,ENST00000360982,18,183024977,183024995
ENSG00000144369,ENST00000612606,11,186747239,186747250
ENSG00000144366,ENST00000409843,11,188589739,188589750
ENSG00000204262,ENST00000374866,14,189104263,189104277
ENSG00000204262,ENST00000618828,28,189079079,189079107
ENSG00000204262,ENST00000618828,14,189104263,189104277
ENSG00000204262,ENST00000649066,14,189104263,189104277
ENSG00000204262,ENST00000649966,14,189104263,189104277
ENSG00000138381,ENST00000425590,30,189665421,189665451
ENSG00000138381,ENST00000607535,30,189665421,189665451
ENSG00000138381,ENST00000607690,30,189665421,189665451
ENSG00000128694,ENST00000520350,14,189761646,189761660
ENSG00000151690,ENST00000434582,25,190499831,190499856
ENSG00000115415,ENST00000361099,30,190987038,190987068
ENSG00000115415,ENST00000540176,30,190987038,190987068
ENSG00000115415,ENST00000409465,30,190987038,190987068
ENSG00000115415,ENST00000392322,30,190987038,190987068
ENSG00000115415,ENST00000452281,30,190987038,190987068
ENSG00000115415,ENST00000392323,30,190987038,190987068
ENSG00000138378,ENST00000358470,18,191058201,191058219
ENSG00000138378,ENST00000392320,18,191058201,191058219
ENSG00000138378,ENST00000495849,18,191058201,191058219
ENSG00000128641,ENST00000634375,6,191379266,191379272
ENSG00000144339,ENST00000392314,27,192179667,192179694
ENSG00000144339,ENST00000272771,27,192179667,192179694
ENSG00000196950,ENST00000444421,17,195680031,195680048
ENSG00000196950,ENST00000430412,17,195680031,195680048
ENSG00000119041,ENST00000455546,15,196799239,196799254
ENSG00000162944,ENST00000454447,30,197587991,197588021
ENSG00000119013,ENST00000433898,23,201072338,201072361
ENSG00000155755,ENST00000409444,5,201640260,201640265
ENSG00000155755,ENST00000409883,5,201640260,201640265
ENSG00000155755,ENST00000432684,5,201640260,201640265
ENSG00000155755,ENST00000444047,11,201634386,201634397
ENSG00000155755,ENST00000444047,5,201640260,201640265
ENSG00000155755,ENST00000463205,5,201640260,201640265
ENSG00000082126,ENST00000409474,15,201660331,201660346
ENSG00000082126,ENST00000409474,21,201664080,201664101
ENSG00000082126,ENST00000409474,18,201669732,201669750
ENSG00000082126,ENST00000359962,15,201660331,201660346
ENSG00000082126,ENST00000359962,18,201669732,201669750
ENSG00000082126,ENST00000428900,21,201664080,201664101
ENSG00000082126,ENST00000447335,15,201660331,201660346
ENSG00000082126,ENST00000447335,18,201669732,201669750
ENSG00000082126,ENST00000409818,15,201660331,201660346
ENSG00000082126,ENST00000409818,21,201664080,201664101
ENSG00000082126,ENST00000409818,18,201669732,201669750
ENSG00000082126,ENST00000409818,28,201673528,201673556
ENSG00000204217,ENST00000638587,2,202467052,202467054
ENSG00000138443,ENST00000295851,18,203382188,203382206
ENSG00000138443,ENST00000261018,18,203382188,203382206
ENSG00000138443,ENST00000417864,18,203382188,203382206
ENSG00000138443,ENST00000422511,18,203382188,203382206
ENSG00000138443,ENST00000411547,18,203382188,203382206
ENSG00000118257,ENST00000357118,21,205766782,205766803
ENSG00000118257,ENST00000357785,21,205766782,205766803
ENSG00000118257,ENST00000412873,21,205766782,205766803
ENSG00000118257,ENST00000485684,21,205766782,205766803
ENSG00000118257,ENST00000467850,21,205766782,205766803
ENSG00000197713,ENST00000411934,20,210003437,210003457
ENSG00000144445,ENST00000634716,23,210026379,210026402
ENSG00000168530,ENST00000341685,25,210302767,210302792
ENSG00000168530,ENST00000352451,28,210302487,210302515
ENSG00000168530,ENST00000484290,28,210302487,210302515
ENSG00000079308,ENST00000171887,24,217830366,217830390
ENSG00000079308,ENST00000611415,24,217830366,217830390
ENSG00000079308,ENST00000419504,24,217830366,217830390
ENSG00000127831,ENST00000392114,20,218429467,218429487
ENSG00000115556,ENST00000465713,18,218632294,218632312
ENSG00000163482,ENST00000392105,12,218696589,218696601
ENSG00000072195,ENST00000312358,27,219480670,219480697
ENSG00000072195,ENST00000431523,30,219444029,219444059
ENSG00000072195,ENST00000420132,30,219444029,219444059
ENSG00000072195,ENST00000485813,27,219480670,219480697
ENSG00000036257,ENST00000617432,21,224503651,224503672
ENSG00000135905,ENST00000535663,6,224784736,224784742
ENSG00000081052,ENST00000396625,9,227025801,227025810
ENSG00000169031,ENST00000396578,27,227247557,227247584
ENSG00000135932,ENST00000614925,15,230814031,230814046
ENSG00000135931,ENST00000349938,25,231226773,231226798
ENSG00000135931,ENST00000614261,25,231226773,231226798
ENSG00000135931,ENST00000611582,25,231226773,231226798
ENSG00000135931,ENST00000469789,25,231226773,231226798
ENSG00000085978,ENST00000373525,29,233281146,233281175
ENSG00000130561,ENST00000476500,24,233340454,233340478
ENSG00000130561,ENST00000476500,10,233346402,233346412
ENSG00000130561,ENST00000409110,24,233340454,233340478
ENSG00000130561,ENST00000409110,10,233346402,233346412
ENSG00000130561,ENST00000471884,24,233340454,233340478
ENSG00000130561,ENST00000471884,10,233346402,233346412
ENSG00000130561,ENST00000412969,24,233340454,233340478
ENSG00000130561,ENST00000412969,10,233346402,233346412
ENSG00000130561,ENST00000469222,24,233340454,233340478
ENSG00000130561,ENST00000483231,24,233340454,233340478
ENSG00000130561,ENST00000474220,24,233340454,233340478
ENSG00000130561,ENST00000474220,10,233346402,233346412
ENSG00000130561,ENST00000492629,10,233346402,233346412
ENSG00000244122,ENST00000485022,6,233689898,233689904
ENSG00000157985,ENST00000635100,12,235718380,235718392
ENSG00000163359,ENST00000295550,12,237344940,237344952
ENSG00000163359,ENST00000295550,27,237359361,237359388
ENSG00000163359,ENST00000353578,12,237344940,237344952
ENSG00000163359,ENST00000353578,27,237359361,237359388
ENSG00000163359,ENST00000491769,12,237344940,237344952
ENSG00000163359,ENST00000472056,12,237344940,237344952
ENSG00000163359,ENST00000472056,27,237359361,237359388
ENSG00000163359,ENST00000347401,8,237344845,237344853
ENSG00000163359,ENST00000347401,27,237359361,237359388
ENSG00000163359,ENST00000409809,12,237344940,237344952
ENSG00000163359,ENST00000409809,27,237359361,237359388
ENSG00000124839,ENST00000409576,12,237586145,237586157
ENSG00000124831,ENST00000308482,18,237714258,237714276
ENSG00000124831,ENST00000473815,18,237714258,237714276
ENSG00000177483,ENST00000480583,23,237821345,237821368
ENSG00000177483,ENST00000316997,23,237821345,237821368
ENSG00000177483,ENST00000409864,23,237821345,237821368
ENSG00000177483,ENST00000611254,23,237821345,237821368
ENSG00000184182,ENST00000440223,30,237987962,237987992
ENSG00000184182,ENST00000441728,30,237987962,237987992
ENSG00000184182,ENST00000272930,30,237987962,237987992
ENSG00000184182,ENST00000433568,30,237987962,237987992
ENSG00000184182,ENST00000448502,30,237987962,237987992
ENSG00000184182,ENST00000409633,30,237987962,237987992
ENSG00000184182,ENST00000455999,30,237987962,237987992
ENSG00000184182,ENST00000417231,30,237987962,237987992
ENSG00000184182,ENST00000445676,30,237987962,237987992
ENSG00000184182,ENST00000439338,30,237987962,237987992
ENSG00000184182,ENST00000439780,30,237987962,237987992
ENSG00000184182,ENST00000454786,30,237987962,237987992
ENSG00000184182,ENST00000433241,30,237987962,237987992
ENSG00000184182,ENST00000409953,30,237987962,237987992
ENSG00000184182,ENST00000409332,30,237987962,237987992
ENSG00000184182,ENST00000434655,30,237987962,237987992
ENSG00000184182,ENST00000612130,30,237987962,237987992
ENSG00000258984,ENST00000449891,30,237987962,237987992
ENSG00000258984,ENST00000449191,30,237987962,237987992
ENSG00000204104,ENST00000391993,21,238347454,238347475
ENSG00000204104,ENST00000373327,21,238347454,238347475
ENSG00000130414,ENST00000620965,17,240025226,240025243
ENSG00000178602,ENST00000391989,27,240140061,240140088
ENSG00000178602,ENST00000319460,27,240140061,240140088
ENSG00000130294,ENST00000649096,18,240782589,240782607
ENSG00000130294,ENST00000498729,27,240772569,240772596
ENSG00000130294,ENST00000498729,18,240782589,240782607
ENSG00000130294,ENST00000649190,27,240772569,240772596
ENSG00000130294,ENST00000320389,24,240728388,240728412
ENSG00000130294,ENST00000320389,18,240782589,240782607
ENSG00000130294,ENST00000648364,27,240772569,240772596
ENSG00000130294,ENST00000648364,18,240782589,240782607
ENSG00000130294,ENST00000648680,27,240734718,240734745
ENSG00000130294,ENST00000648680,27,240772569,240772596
ENSG00000130294,ENST00000648680,18,240782589,240782607
ENSG00000130294,ENST00000647731,27,240734718,240734745
ENSG00000130294,ENST00000647731,18,240782589,240782607
ENSG00000130294,ENST00000650130,18,240782589,240782607
ENSG00000130294,ENST00000650053,18,240782589,240782607
ENSG00000130294,ENST00000647885,18,240782589,240782607
ENSG00000130294,ENST00000649306,27,240772569,240772596
ENSG00000130294,ENST00000649306,18,240782589,240782607
ENSG00000130294,ENST00000648129,18,240782589,240782607
ENSG00000130294,ENST00000648047,24,240728388,240728412
ENSG00000130294,ENST00000648047,27,240772569,240772596
ENSG00000130294,ENST00000431776,24,240728388,240728412
ENSG00000130294,ENST00000431776,27,240734718,240734745
ENSG00000130294,ENST00000404283,24,240728388,240728412
ENSG00000130294,ENST00000404283,27,240772569,240772596
ENSG00000130294,ENST00000404283,18,240782589,240782607
ENSG00000130294,ENST00000649064,18,240782589,240782607
ENSG00000130294,ENST00000649381,27,240772569,240772596
ENSG00000130294,ENST00000649381,18,240782589,240782607
ENSG00000130294,ENST00000428768,27,240772569,240772596
ENSG00000130294,ENST00000428768,18,240782589,240782607
ENSG00000130294,ENST00000650542,18,240782589,240782607
ENSG00000233392,ENST00000418218,23,240955844,240955867
ENSG00000115677,ENST00000373292,24,241230152,241230176
ENSG00000168385,ENST00000391973,26,241324215,241324241
ENSG00000168385,ENST00000492978,26,241324215,241324241
ENSG00000168385,ENST00000360051,26,241324215,241324241
ENSG00000168385,ENST00000428524,26,241324215,241324241
ENSG00000168385,ENST00000445030,26,241324215,241324241
ENSG00000168385,ENST00000495463,26,241324215,241324241
ENSG00000168385,ENST00000391971,26,241324215,241324241
ENSG00000168385,ENST00000616972,26,241324215,241324241
ENSG00000168385,ENST00000482304,26,241324215,241324241
ENSG00000168385,ENST00000475474,26,241324215,241324241
ENSG00000168385,ENST00000401990,26,241324215,241324241
ENSG00000168385,ENST00000401990,30,241335321,241335351
ENSG00000168385,ENST00000461048,26,241324215,241324241
ENSG00000168385,ENST00000457335,26,241324215,241324241
ENSG00000168385,ENST00000436795,26,241324215,241324241
ENSG00000168385,ENST00000462147,26,241324215,241324241
ENSG00000168385,ENST00000434955,26,241324215,241324241
ENSG00000168385,ENST00000466211,26,241324215,241324241
ENSG00000168385,ENST00000402092,26,241324215,241324241
ENSG00000168385,ENST00000473479,26,241324215,241324241
ENSG00000168385,ENST00000441533,26,241324215,241324241
ENSG00000168385,ENST00000464128,26,241324215,241324241
ENSG00000168385,ENST00000425899,26,241324215,241324241
ENSG00000168385,ENST00000467971,26,241324215,241324241
ENSG00000168385,ENST00000443492,26,241324215,241324241
ENSG00000168385,ENST00000437066,26,241324215,241324241
ENSG00000168385,ENST00000429791,26,241324215,241324241
ENSG00000168385,ENST00000420786,26,241324215,241324241
ENSG00000168385,ENST00000475823,26,241324215,241324241
ENSG00000006607,ENST00000478489,16,241395442,241395458
ENSG00000196220,ENST00000383836,28,9038062,9038090
ENSG00000196220,ENST00000360413,28,9038062,9038090
ENSG00000196220,ENST00000618999,28,9038062,9038090
ENSG00000196220,ENST00000475560,28,9038062,9038090
ENSG00000196220,ENST00000433332,28,9038062,9038090
ENSG00000163719,ENST00000416864,19,9662266,9662285
ENSG00000144550,ENST00000383832,3,9705717,9705720
ENSG00000144550,ENST00000383831,3,9705717,9705720
ENSG00000214021,ENST00000473661,26,9827214,9827240
ENSG00000187288,ENST00000618572,30,9870444,9870474
ENSG00000187288,ENST00000430427,30,9870444,9870474
ENSG00000163701,ENST00000421412,16,9903396,9903412
ENSG00000163701,ENST00000383814,16,9903396,9903412
ENSG00000163701,ENST00000489181,16,9903396,9903412
ENSG00000163701,ENST00000454190,16,9903396,9903412
ENSG00000163701,ENST00000454992,16,9903396,9903412
ENSG00000163702,ENST00000383812,22,9917712,9917734
ENSG00000163702,ENST00000416074,22,9917712,9917734
ENSG00000163702,ENST00000434756,22,9917712,9917734
ENSG00000163702,ENST00000438091,22,9917712,9917734
ENSG00000163702,ENST00000412901,22,9917712,9917734
ENSG00000163702,ENST00000466046,22,9917712,9917734
ENSG00000163702,ENST00000498214,22,9917712,9917734
ENSG00000163702,ENST00000295981,22,9917712,9917734
ENSG00000163702,ENST00000451231,22,9917712,9917734
ENSG00000163702,ENST00000483582,22,9917712,9917734
ENSG00000163702,ENST00000497102,22,9917712,9917734
ENSG00000163702,ENST00000494365,22,9917712,9917734
ENSG00000163702,ENST00000648140,22,9917712,9917734
ENSG00000163702,ENST00000436503,22,9917712,9917734
ENSG00000163702,ENST00000403601,22,9917712,9917734
ENSG00000163702,ENST00000476810,22,9917712,9917734
ENSG00000163702,ENST00000451271,22,9917712,9917734
ENSG00000163702,ENST00000424206,22,9917712,9917734
ENSG00000163702,ENST00000490512,22,9917712,9917734
ENSG00000163702,ENST00000440502,22,9917712,9917734
ENSG00000163702,ENST00000455057,22,9917712,9917734
ENSG00000163702,ENST00000413608,22,9917712,9917734
ENSG00000163702,ENST00000451165,22,9917712,9917734
ENSG00000163705,ENST00000431315,25,10094865,10094890
ENSG00000163705,ENST00000436517,25,10094865,10094890
ENSG00000132155,ENST00000251849,28,12600387,12600415
ENSG00000132155,ENST00000442415,28,12600387,12600415
ENSG00000132155,ENST00000432427,28,12600387,12600415
ENSG00000132155,ENST00000423275,28,12600387,12600415
ENSG00000132155,ENST00000465826,28,12600387,12600415
ENSG00000144711,ENST00000273221,30,12915103,12915133
ENSG00000144711,ENST00000646269,30,12915103,12915133
ENSG00000144711,ENST00000618604,30,12915103,12915133
ENSG00000144711,ENST00000648114,30,12915103,12915133
ENSG00000144711,ENST00000648114,30,13164103,13164133
ENSG00000144711,ENST00000613206,30,12915103,12915133
ENSG00000144711,ENST00000648386,30,12915103,12915133
ENSG00000144711,ENST00000647458,30,12915103,12915133
ENSG00000163520,ENST00000421373,11,13637561,13637572
ENSG00000154781,ENST00000611584,24,14661643,14661667
ENSG00000154781,ENST00000611584,30,14661668,14661698
ENSG00000154781,ENST00000611584,5,14661841,14661846
ENSG00000206561,ENST00000383788,27,15474924,15474951
ENSG00000206561,ENST00000383788,27,15478976,15479003
ENSG00000206561,ENST00000383781,27,15474924,15474951
ENSG00000206561,ENST00000383781,27,15478976,15479003
ENSG00000206561,ENST00000603808,27,15474924,15474951
ENSG00000206561,ENST00000603808,27,15478976,15479003
ENSG00000206561,ENST00000383786,27,15474924,15474951
ENSG00000206561,ENST00000383786,27,15478976,15479003
ENSG00000206561,ENST00000605797,27,15474924,15474951
ENSG00000206561,ENST00000605797,27,15478976,15479003
ENSG00000206560,ENST00000399451,27,15695187,15695214
ENSG00000206560,ENST00000624145,27,15695187,15695214
ENSG00000206560,ENST00000412318,27,15695187,15695214
ENSG00000206560,ENST00000497037,27,15695187,15695214
ENSG00000206560,ENST00000451422,27,15695187,15695214
ENSG00000206560,ENST00000498524,27,15695187,15695214
ENSG00000206560,ENST00000462657,27,15695187,15695214
ENSG00000170142,ENST00000452012,24,23888237,23888261
ENSG00000163491,ENST00000295720,30,27143444,27143474
ENSG00000163491,ENST00000429845,30,27143444,27143474
ENSG00000033867,ENST00000425128,2,27390310,27390312
ENSG00000033867,ENST00000425128,19,27428267,27428286
ENSG00000033867,ENST00000425128,25,27433166,27433191
ENSG00000182973,ENST00000556853,6,32693495,32693501
ENSG00000182973,ENST00000494439,6,32687730,32687736
ENSG00000163539,ENST00000468888,24,33574472,33574496
ENSG00000163539,ENST00000468888,18,33594950,33594968
ENSG00000163539,ENST00000468888,24,33596710,33596734
ENSG00000163539,ENST00000399362,24,33574472,33574496
ENSG00000163539,ENST00000399362,18,33594950,33594968
ENSG00000163539,ENST00000399362,24,33596710,33596734
ENSG00000163539,ENST00000359576,3,33563963,33563966
ENSG00000163539,ENST00000359576,24,33574472,33574496
ENSG00000163539,ENST00000359576,18,33594950,33594968
ENSG00000163539,ENST00000359576,24,33596710,33596734
ENSG00000163539,ENST00000480013,18,33594950,33594968
ENSG00000163539,ENST00000480013,24,33596710,33596734
ENSG00000163539,ENST00000461133,3,33563963,33563966
ENSG00000163539,ENST00000461133,18,33594950,33594968
ENSG00000163539,ENST00000461133,24,33596710,33596734
ENSG00000163539,ENST00000635664,24,33574472,33574496
ENSG00000163539,ENST00000635664,27,33588704,33588731
ENSG00000163539,ENST00000635664,27,33592212,33592239
ENSG00000163539,ENST00000635664,18,33594950,33594968
ENSG00000163539,ENST00000635664,24,33596710,33596734
ENSG00000163539,ENST00000475576,24,33574472,33574496
ENSG00000144674,ENST00000361924,21,37337142,37337163
ENSG00000144674,ENST00000437131,21,37337142,37337163
ENSG00000144659,ENST00000431510,28,39389361,39389389
ENSG00000144659,ENST00000645280,28,39389361,39389389
ENSG00000144659,ENST00000642978,28,39389361,39389389
ENSG00000144659,ENST00000642442,28,39389361,39389389
ENSG00000168036,ENST00000642426,12,41222333,41222345
ENSG00000168036,ENST00000646725,12,41222333,41222345
ENSG00000168036,ENST00000646369,12,41222333,41222345
ENSG00000168036,ENST00000643977,12,41222333,41222345
ENSG00000232354,ENST00000629306,26,42530576,42530602
ENSG00000114857,ENST00000232978,30,42630545,42630575
ENSG00000114857,ENST00000429888,28,42620015,42620043
ENSG00000114857,ENST00000429888,28,42627199,42627227
ENSG00000114857,ENST00000429888,30,42630545,42630575
ENSG00000114857,ENST00000617821,28,42627199,42627227
ENSG00000114857,ENST00000617821,30,42630545,42630575
ENSG00000114857,ENST00000478488,28,42620015,42620043
ENSG00000114857,ENST00000465584,30,42630545,42630575
ENSG00000114857,ENST00000466553,28,42627199,42627227
ENSG00000114857,ENST00000466553,30,42630545,42630575
ENSG00000185219,ENST00000617032,13,44451469,44451482
ENSG00000185219,ENST00000617032,3,44455518,44455521
ENSG00000121797,ENST00000433848,26,46407755,46407781
ENSG00000206549,ENST00000460241,27,46748624,46748651
ENSG00000284672,ENST00000641183,27,46748624,46748651
ENSG00000160808,ENST00000395869,28,46860959,46860987
ENSG00000160808,ENST00000292327,28,46860959,46860987
ENSG00000181555,ENST00000409792,16,47126647,47126663
ENSG00000181555,ENST00000638947,7,47097954,47097961
ENSG00000181555,ENST00000638947,3,47097962,47097965
ENSG00000181555,ENST00000412450,16,47126647,47126663
ENSG00000132153,ENST00000476446,29,47819235,47819264
ENSG00000132153,ENST00000415400,29,47819235,47819264
ENSG00000132153,ENST00000492893,29,47819235,47819264
ENSG00000132153,ENST00000395745,29,47819235,47819264
ENSG00000132153,ENST00000441384,29,47819235,47819264
ENSG00000213689,ENST00000433541,12,48466629,48466641
ENSG00000114270,ENST00000487017,30,48579784,48579814
ENSG00000114270,ENST00000487017,27,48580030,48580057
ENSG00000114270,ENST00000487017,27,48584034,48584061
ENSG00000114270,ENST00000328333,30,48579784,48579814
ENSG00000114270,ENST00000328333,27,48580030,48580057
ENSG00000114270,ENST00000328333,27,48584034,48584061
ENSG00000114270,ENST00000328333,27,48585829,48585856
ENSG00000068745,ENST00000433104,20,48717869,48717889
ENSG00000177479,ENST00000356401,22,48974957,48974979
ENSG00000177479,ENST00000490095,22,48974957,48974979
ENSG00000177479,ENST00000449376,22,48974957,48974979
ENSG00000177479,ENST00000452385,22,48974957,48974979
ENSG00000198218,ENST00000430979,10,49092283,49092293
ENSG00000172053,ENST00000637543,30,49102418,49102448
ENSG00000164062,ENST00000469362,24,49679592,49679616
ENSG00000187492,ENST00000412678,28,49791440,49791468
ENSG00000164076,ENST00000466940,10,49861438,49861448
ENSG00000164078,ENST00000440292,13,49895867,49895880
ENSG00000007402,ENST00000423994,21,50373064,50373085
ENSG00000007402,ENST00000479441,21,50373064,50373085
ENSG00000088543,ENST00000426034,26,50561721,50561747
ENSG00000088543,ENST00000357203,26,50561721,50561747
ENSG00000088543,ENST00000449241,26,50561721,50561747
ENSG00000088543,ENST00000441239,26,50561721,50561747
ENSG00000088543,ENST00000430746,26,50561721,50561747
ENSG00000088543,ENST00000486175,26,50561721,50561747
ENSG00000088543,ENST00000464080,26,50561721,50561747
ENSG00000088543,ENST00000484982,26,50561721,50561747
ENSG00000088538,ENST00000266037,27,51333000,51333027
ENSG00000090097,ENST00000355852,24,51961009,51961033
ENSG00000090097,ENST00000428823,24,51961009,51961033
ENSG00000090097,ENST00000322099,24,51961009,51961033
ENSG00000090097,ENST00000492809,24,51961009,51961033
ENSG00000090097,ENST00000497390,24,51961009,51961033
ENSG00000090097,ENST00000461554,24,51961009,51961033
ENSG00000090097,ENST00000484633,24,51961009,51961033
ENSG00000090097,ENST00000471308,24,51961009,51961033
ENSG00000090097,ENST00000498822,24,51961009,51961033
ENSG00000090097,ENST00000471622,24,51961009,51961033
ENSG00000090097,ENST00000468324,24,51961009,51961033
ENSG00000090097,ENST00000466412,24,51961009,51961033
ENSG00000090097,ENST00000497653,24,51961009,51961033
ENSG00000090097,ENST00000489595,24,51961009,51961033
ENSG00000090097,ENST00000490063,24,51961009,51961033
ENSG00000090097,ENST00000483411,24,51961009,51961033
ENSG00000090097,ENST00000471358,24,51961009,51961033
ENSG00000090097,ENST00000461544,24,51961009,51961033
ENSG00000114779,ENST00000315877,29,51970605,51970634
ENSG00000114779,ENST00000315877,26,51970761,51970787
ENSG00000248487,ENST00000458031,24,51980258,51980282
ENSG00000163930,ENST00000460680,30,52409713,52409743
ENSG00000163930,ENST00000296288,30,52409713,52409743
ENSG00000163930,ENST00000483984,30,52409713,52409743
ENSG00000163930,ENST00000490917,30,52409713,52409743
ENSG00000010318,ENST00000615126,13,52414495,52414508
ENSG00000168268,ENST00000489316,28,52528511,52528539
ENSG00000168268,ENST00000471522,28,52528511,52528539
ENSG00000055957,ENST00000273283,21,52777996,52778017
ENSG00000055957,ENST00000273283,15,52787187,52787202
ENSG00000055957,ENST00000273283,21,52787591,52787612
ENSG00000055957,ENST00000480409,21,52777996,52778017
ENSG00000055957,ENST00000628722,15,52787187,52787202
ENSG00000055957,ENST00000628722,21,52787591,52787612
ENSG00000055957,ENST00000537050,15,52787187,52787202
ENSG00000055957,ENST00000537050,21,52787591,52787612
ENSG00000055957,ENST00000428133,21,52787591,52787612
ENSG00000055957,ENST00000484844,15,52787187,52787202
ENSG00000055957,ENST00000484844,21,52787591,52787612
ENSG00000162267,ENST00000621946,21,52795602,52795623
ENSG00000162267,ENST00000416872,21,52795602,52795623
ENSG00000162267,ENST00000416872,30,52802666,52802696
ENSG00000162267,ENST00000449956,21,52795602,52795623
ENSG00000162267,ENST00000449956,9,52804725,52804734
ENSG00000055955,ENST00000266041,27,52818256,52818283
ENSG00000055955,ENST00000266041,27,52820290,52820317
ENSG00000055955,ENST00000485816,27,52818256,52818283
ENSG00000055955,ENST00000485816,27,52820290,52820317
ENSG00000055955,ENST00000406595,27,52818256,52818283
ENSG00000055955,ENST00000406595,27,52820290,52820317
ENSG00000055955,ENST00000441637,27,52818256,52818283
ENSG00000055955,ENST00000441637,27,52820290,52820317
ENSG00000055955,ENST00000491663,27,52818256,52818283
ENSG00000055955,ENST00000491663,27,52820290,52820317
ENSG00000055955,ENST00000537897,27,52820290,52820317
ENSG00000243696,ENST00000468472,27,52820290,52820317
ENSG00000163931,ENST00000423516,24,53237796,53237820
ENSG00000163931,ENST00000296289,26,53235148,53235174
ENSG00000157388,ENST00000637424,27,53719754,53719781
ENSG00000157388,ENST00000637424,27,53802146,53802173
ENSG00000157388,ENST00000350061,27,53719754,53719781
ENSG00000157388,ENST00000350061,27,53802146,53802173
ENSG00000157388,ENST00000636938,27,53719754,53719781
ENSG00000157388,ENST00000645528,27,53719754,53719781
ENSG00000157388,ENST00000645528,27,53802146,53802173
ENSG00000157388,ENST00000288139,27,53719754,53719781
ENSG00000157388,ENST00000288139,27,53802146,53802173
ENSG00000157388,ENST00000422281,27,53719754,53719781
ENSG00000157388,ENST00000636570,27,53719754,53719781
ENSG00000157388,ENST00000636570,27,53802146,53802173
ENSG00000157388,ENST00000640483,27,53719754,53719781
ENSG00000157388,ENST00000636627,27,53719754,53719781
ENSG00000157388,ENST00000481085,27,53719754,53719781
ENSG00000157388,ENST00000481478,27,53719754,53719781
ENSG00000157388,ENST00000481478,27,53802146,53802173
ENSG00000157388,ENST00000636448,27,53802146,53802173
ENSG00000157388,ENST00000636633,27,53802146,53802173
ENSG00000157388,ENST00000636629,27,53802146,53802173
ENSG00000157388,ENST00000636999,27,53802146,53802173
ENSG00000056736,ENST00000288167,25,53848663,53848688
ENSG00000056736,ENST00000475124,25,53848663,53848688
ENSG00000056736,ENST00000494338,25,53848663,53848688
ENSG00000113811,ENST00000541726,5,53885825,53885830
ENSG00000157445,ENST00000415676,18,54816852,54816870
ENSG00000157445,ENST00000474759,18,54816852,54816870
ENSG00000157445,ENST00000288197,18,54816852,54816870
ENSG00000157445,ENST00000490478,18,54816852,54816870
ENSG00000157445,ENST00000477024,18,54816852,54816870
ENSG00000157445,ENST00000468658,18,54816852,54816870
ENSG00000187672,ENST00000288221,12,55985976,55985988
ENSG00000187672,ENST00000460849,12,55985976,55985988
ENSG00000187672,ENST00000612797,12,55985976,55985988
ENSG00000180376,ENST00000422222,26,56559568,56559594
ENSG00000180376,ENST00000439445,26,56559568,56559594
ENSG00000180376,ENST00000394672,26,56559568,56559594
ENSG00000180376,ENST00000326595,26,56559568,56559594
ENSG00000180376,ENST00000459746,26,56559568,56559594
ENSG00000180376,ENST00000472582,26,56559568,56559594
ENSG00000180376,ENST00000434467,26,56559568,56559594
ENSG00000180376,ENST00000471681,26,56559568,56559594
ENSG00000180376,ENST00000422788,26,56559568,56559594
ENSG00000180376,ENST00000341455,26,56559568,56559594
ENSG00000180376,ENST00000442522,26,56559568,56559594
ENSG00000180376,ENST00000484623,26,56559568,56559594
ENSG00000180376,ENST00000487739,26,56559568,56559594
ENSG00000239388,ENST00000389601,4,57288962,57288966
ENSG00000174844,ENST00000495027,27,57523582,57523609
ENSG00000174844,ENST00000351747,27,57523582,57523609
ENSG00000174844,ENST00000389536,27,57523582,57523609
ENSG00000174844,ENST00000613504,27,57523582,57523609
ENSG00000174844,ENST00000311202,27,57523582,57523609
ENSG00000198643,ENST00000358781,24,58649314,58649338
ENSG00000198643,ENST00000483787,21,58649314,58649335
ENSG00000198643,ENST00000489857,21,58649314,58649335
ENSG00000198643,ENST00000498347,24,58649314,58649338
ENSG00000189283,ENST00000476844,30,60011370,60011400
ENSG00000189283,ENST00000492590,30,60011370,60011400
ENSG00000189283,ENST00000466788,30,60011370,60011400
ENSG00000189283,ENST00000468189,30,60011370,60011400
ENSG00000163618,ENST00000383710,21,62493644,62493665
ENSG00000163618,ENST00000383710,18,62512750,62512768
ENSG00000163618,ENST00000473635,15,62467297,62467312
ENSG00000163618,ENST00000613879,15,62467297,62467312
ENSG00000163618,ENST00000491424,9,62498145,62498154
ENSG00000163618,ENST00000491424,18,62512750,62512768
ENSG00000163618,ENST00000542833,12,62544847,62544859
ENSG00000163632,ENST00000616659,15,63832852,63832867
ENSG00000144746,ENST00000478935,19,69101838,69101857
ENSG00000114541,ENST00000398540,23,69249225,69249248
ENSG00000114541,ENST00000470070,23,69249225,69249248
ENSG00000114541,ENST00000483668,23,69249225,69249248
ENSG00000114541,ENST00000493880,23,69249225,69249248
ENSG00000114541,ENST00000473029,23,69249225,69249248
ENSG00000114541,ENST00000460709,23,69249225,69249248
ENSG00000114861,ENST00000649431,13,71296432,71296445
ENSG00000114861,ENST00000649610,13,71296432,71296445
ENSG00000114861,ENST00000647614,13,71296432,71296445
ENSG00000114861,ENST00000648826,13,71296432,71296445
ENSG00000114861,ENST00000648944,13,71296432,71296445
ENSG00000185008,ENST00000602589,12,77527402,77527414
ENSG00000169855,ENST00000464233,27,78647628,78647655
ENSG00000169855,ENST00000436010,27,78647628,78647655
ENSG00000169855,ENST00000618846,9,78693347,78693356
ENSG00000169855,ENST00000495273,9,78693347,78693356
ENSG00000169855,ENST00000467549,9,78693347,78693356
ENSG00000169855,ENST00000498428,27,78647628,78647655
ENSG00000169855,ENST00000484514,9,78693347,78693356
ENSG00000175161,ENST00000383699,27,85726521,85726548
ENSG00000189002,ENST00000474651,25,90254406,90254431
ENSG00000184500,ENST00000394236,25,93924239,93924264
ENSG00000184500,ENST00000648381,25,93924239,93924264
ENSG00000184500,ENST00000650591,25,93924239,93924264
ENSG00000184500,ENST00000648853,25,93924239,93924264
ENSG00000184500,ENST00000348974,25,93924239,93924264
ENSG00000184500,ENST00000647936,25,93924239,93924264
ENSG00000184500,ENST00000407433,25,93924239,93924264
ENSG00000184500,ENST00000649103,25,93924239,93924264
ENSG00000184500,ENST00000472684,25,93924239,93924264
ENSG00000244681,ENST00000463799,24,95681457,95681481
ENSG00000080224,ENST00000503760,24,97569923,97569947
ENSG00000113966,ENST00000631834,13,97791952,97791965
ENSG00000080819,ENST00000513674,26,98590631,98590657
ENSG00000154175,ENST00000471714,30,100753818,100753848
ENSG00000154175,ENST00000470336,30,100753818,100753848
ENSG00000154175,ENST00000284322,30,100753818,100753848
ENSG00000154175,ENST00000495591,30,100753818,100753848
ENSG00000154175,ENST00000487012,30,100753818,100753848
ENSG00000154175,ENST00000497021,30,100753818,100753848
ENSG00000081148,ENST00000193391,21,101267510,101267531
ENSG00000170044,ENST00000491959,30,102477011,102477041
ENSG00000170044,ENST00000306176,30,102477011,102477041
ENSG00000170044,ENST00000466937,30,102477011,102477041
ENSG00000114423,ENST00000645425,26,105671020,105671046
ENSG00000114423,ENST00000646499,23,105671023,105671046
ENSG00000114423,ENST00000642241,26,105671020,105671046
ENSG00000114423,ENST00000646825,23,105671023,105671046
ENSG00000114423,ENST00000643322,23,105671023,105671046
ENSG00000196776,ENST00000398258,25,108050577,108050602
ENSG00000196776,ENST00000517766,25,108050577,108050602
ENSG00000196776,ENST00000361309,25,108050577,108050602
ENSG00000144821,ENST00000273353,28,108499454,108499482
ENSG00000163507,ENST00000619684,4,108566642,108566646
ENSG00000198919,ENST00000361582,26,108651136,108651162
ENSG00000198919,ENST00000495008,26,108651136,108651162
ENSG00000198919,ENST00000463306,26,108651136,108651162
ENSG00000144824,ENST00000638331,21,111958274,111958295
ENSG00000144824,ENST00000640905,15,111957235,111957250
ENSG00000144824,ENST00000640905,21,111958274,111958295
ENSG00000144824,ENST00000640181,21,111958274,111958295
ENSG00000174500,ENST00000308910,29,112125225,112125254
ENSG00000174500,ENST00000484193,29,112125225,112125254
ENSG00000174500,ENST00000470085,29,112125225,112125254
ENSG00000174500,ENST00000460387,29,112125225,112125254
ENSG00000174500,ENST00000488580,29,112125225,112125254
ENSG00000174500,ENST00000487901,29,112125225,112125254
ENSG00000163607,ENST00000619116,23,112991389,112991412
ENSG00000163607,ENST00000619116,16,112993026,112993042
ENSG00000163607,ENST00000619116,30,112993043,112993073
ENSG00000072858,ENST00000393830,15,113615062,113615077
ENSG00000072858,ENST00000463226,15,113615062,113615077
ENSG00000176542,ENST00000491165,29,113673347,113673376
ENSG00000176542,ENST00000316407,29,113673347,113673376
ENSG00000176542,ENST00000478658,29,113673347,113673376
ENSG00000113924,ENST00000475447,22,120644597,120644619
ENSG00000138496,ENST00000492382,17,122550583,122550600
ENSG00000173175,ENST00000462833,30,123297352,123297382
ENSG00000173175,ENST00000462833,23,123320748,123320771
ENSG00000173175,ENST00000491190,30,123297352,123297382
ENSG00000173175,ENST00000491190,23,123320748,123320771
ENSG00000173175,ENST00000309879,30,123297352,123297382
ENSG00000173175,ENST00000309879,23,123320748,123320771
ENSG00000173175,ENST00000466617,23,123320748,123320771
ENSG00000206527,ENST00000383657,19,123567761,123567780
ENSG00000206527,ENST00000469317,19,123567761,123567780
ENSG00000065534,ENST00000360772,19,123735397,123735416
ENSG00000065534,ENST00000354792,19,123735397,123735416
ENSG00000065534,ENST00000359169,19,123735397,123735416
ENSG00000065534,ENST00000360304,19,123735397,123735416
ENSG00000065534,ENST00000464489,19,123735397,123735416
ENSG00000065534,ENST00000346322,19,123735397,123735416
ENSG00000065534,ENST00000475616,19,123735397,123735416
ENSG00000160145,ENST00000360013,28,124693803,124693831
ENSG00000160145,ENST00000354186,28,124693803,124693831
ENSG00000160145,ENST00000291478,28,124693803,124693831
ENSG00000221955,ENST00000473262,26,125119865,125119891
ENSG00000163848,ENST00000468369,30,125234299,125234329
ENSG00000241288,ENST00000609352,23,125888348,125888371
ENSG00000114626,ENST00000483857,28,127674390,127674418
ENSG00000114626,ENST00000475042,28,127674390,127674418
ENSG00000261796,ENST00000418265,23,129159153,129159176
ENSG00000240682,ENST00000393295,23,129159153,129159176
ENSG00000240682,ENST00000273541,23,129159153,129159176
ENSG00000240682,ENST00000393292,23,129159153,129159176
ENSG00000240682,ENST00000485703,23,129159153,129159176
ENSG00000228252,ENST00000504443,27,130214215,130214242
ENSG00000228252,ENST00000504443,12,130250716,130250728
ENSG00000228252,ENST00000542114,12,130250716,130250728
ENSG00000172752,ENST00000312481,27,130405992,130406019
ENSG00000172752,ENST00000312481,12,130429572,130429584
ENSG00000172752,ENST00000265379,27,130405992,130406019
ENSG00000172752,ENST00000265379,5,130431456,130431461
ENSG00000172752,ENST00000265379,6,130431464,130431470
ENSG00000206384,ENST00000358511,27,130592695,130592722
ENSG00000206384,ENST00000358511,12,130644990,130645002
ENSG00000206384,ENST00000506143,27,130592695,130592722
ENSG00000206384,ENST00000506143,12,130644990,130645002
ENSG00000206384,ENST00000511332,27,130592695,130592722
ENSG00000154917,ENST00000469959,25,133864617,133864642
ENSG00000175110,ENST00000480644,30,139351030,139351060
ENSG00000155903,ENST00000452898,8,141607663,141607671
ENSG00000155903,ENST00000506365,12,141590129,141590141
ENSG00000069849,ENST00000465172,20,141916554,141916574
ENSG00000069849,ENST00000487199,20,141916554,141916574
ENSG00000114698,ENST00000354952,28,146222064,146222092
ENSG00000114698,ENST00000383083,28,146222064,146222092
ENSG00000114698,ENST00000446574,28,146222064,146222092
ENSG00000114698,ENST00000493382,28,146222064,146222092
ENSG00000114698,ENST00000460350,28,146222064,146222092
ENSG00000114698,ENST00000460885,28,146222064,146222092
ENSG00000114698,ENST00000476202,28,146222064,146222092
ENSG00000114698,ENST00000481701,28,146222064,146222092
ENSG00000188313,ENST00000342435,26,146536539,146536565
ENSG00000188313,ENST00000493432,26,146536539,146536565
ENSG00000188313,ENST00000463777,26,146536539,146536565
ENSG00000188313,ENST00000468985,26,146536539,146536565
ENSG00000188313,ENST00000448787,26,146536539,146536565
ENSG00000188313,ENST00000488253,26,146536539,146536565
ENSG00000188313,ENST00000489775,26,146536539,146536565
ENSG00000188313,ENST00000478267,26,146536539,146536565
ENSG00000188313,ENST00000470496,15,146520165,146520180
ENSG00000188313,ENST00000462666,26,146536539,146536565
ENSG00000188313,ENST00000472349,26,146536539,146536565
ENSG00000188313,ENST00000494568,26,146536539,146536565
ENSG00000188313,ENST00000469266,26,146536539,146536565
ENSG00000242671,ENST00000470860,24,146923300,146923324
ENSG00000239661,ENST00000470739,25,147844621,147844646
ENSG00000240216,ENST00000461341,17,149269084,149269101
ENSG00000144895,ENST00000462221,28,150567901,150567929
ENSG00000144895,ENST00000462221,30,150568016,150568046
ENSG00000144895,ENST00000477551,28,150567901,150567929
ENSG00000198843,ENST00000615547,11,150614572,150614583
ENSG00000214237,ENST00000465419,28,150905061,150905089
ENSG00000260234,ENST00000569170,28,150905061,150905089
ENSG00000174953,ENST00000329463,14,154295283,154295297
ENSG00000196549,ENST00000616757,10,155084354,155084364
ENSG00000114805,ENST00000447496,28,155483348,155483376
ENSG00000169282,ENST00000618897,2,156536544,156536546
ENSG00000197980,ENST00000640869,3,156852170,156852173
ENSG00000163660,ENST00000631619,14,157151916,157151930
ENSG00000113810,ENST00000469858,9,160401914,160401923
ENSG00000186432,ENST00000334256,30,160535660,160535690
ENSG00000085276,ENST00000264674,27,169107925,169107952
ENSG00000085276,ENST00000628990,27,169107925,169107952
ENSG00000085276,ENST00000472280,27,169107925,169107952
ENSG00000085276,ENST00000468789,27,169107925,169107952
ENSG00000085276,ENST00000433243,27,169107925,169107952
ENSG00000154310,ENST00000436636,24,171107182,171107206
ENSG00000154310,ENST00000341852,24,171107182,171107206
ENSG00000154310,ENST00000357327,24,171107182,171107206
ENSG00000154310,ENST00000488470,24,171107182,171107206
ENSG00000177565,ENST00000427349,30,177091150,177091180
ENSG00000177565,ENST00000636187,24,177163977,177164001
ENSG00000058056,ENST00000263966,27,179757051,179757078
ENSG00000058056,ENST00000496897,27,179757051,179757078
ENSG00000145075,ENST00000476379,27,180711192,180711219
ENSG00000285336,ENST00000485055,27,180711192,180711219
ENSG00000285336,ENST00000495817,27,180711192,180711219
ENSG00000205981,ENST00000486355,25,180986997,180987022
ENSG00000078070,ENST00000610757,9,183071348,183071357
ENSG00000186090,ENST00000382489,30,184035165,184035195
ENSG00000161203,ENST00000411763,6,184178217,184178223
ENSG00000161203,ENST00000411763,6,184180644,184180650
ENSG00000161203,ENST00000292807,6,184180644,184180650
ENSG00000161203,ENST00000448139,6,184178217,184178223
ENSG00000161203,ENST00000448139,6,184180644,184180650
ENSG00000161203,ENST00000432591,6,184180644,184180650
ENSG00000161203,ENST00000472560,6,184180644,184180650
ENSG00000161203,ENST00000621863,3,184180841,184180844
ENSG00000161203,ENST00000490151,6,184180644,184180650
ENSG00000161204,ENST00000429586,23,184189254,184189277
ENSG00000161204,ENST00000292808,23,184189254,184189277
ENSG00000161204,ENST00000473311,7,184188663,184188670
ENSG00000161204,ENST00000473311,23,184189254,184189277
ENSG00000161204,ENST00000472608,23,184189254,184189277
ENSG00000161204,ENST00000489719,23,184189254,184189277
ENSG00000114867,ENST00000352767,21,184316712,184316733
ENSG00000114867,ENST00000421110,21,184316712,184316733
ENSG00000114867,ENST00000382330,21,184316712,184316733
ENSG00000114867,ENST00000427141,21,184316712,184316733
ENSG00000114867,ENST00000424196,21,184316712,184316733
ENSG00000156931,ENST00000625842,6,184843239,184843245
ENSG00000187527,ENST00000620313,8,193275294,193275302
ENSG00000187527,ENST00000620313,16,193276749,193276765
ENSG00000198836,ENST00000645553,15,193631754,193631769
ENSG00000133657,ENST00000439040,18,194437555,194437573
ENSG00000133657,ENST00000645538,18,194437555,194437573
ENSG00000133657,ENST00000619199,30,194429744,194429774
ENSG00000133657,ENST00000619199,18,194437555,194437573
ENSG00000133657,ENST00000642744,18,194437555,194437573
ENSG00000133657,ENST00000256031,18,194437555,194437573
ENSG00000133657,ENST00000645319,18,194437555,194437573
ENSG00000133657,ENST00000645621,18,194437555,194437573
ENSG00000145014,ENST00000473092,30,194593040,194593070
ENSG00000145014,ENST00000430601,30,194625896,194625926
ENSG00000114331,ENST00000618471,28,195342660,195342688
ENSG00000114331,ENST00000618471,17,195345289,195345306
ENSG00000114331,ENST00000618471,9,195345308,195345317
ENSG00000114331,ENST00000635383,21,195312946,195312967
ENSG00000114331,ENST00000439758,12,195325443,195325455
ENSG00000242086,ENST00000628195,7,195708428,195708435
ENSG00000242086,ENST00000627689,7,195708428,195708435
ENSG00000242086,ENST00000631037,7,195708428,195708435
ENSG00000242086,ENST00000628754,7,195708428,195708435
ENSG00000168993,ENST00000505203,15,792432,792447
ENSG00000145214,ENST00000502309,21,964072,964093
ENSG00000013810,ENST00000612220,1,1730387,1730388
ENSG00000123933,ENST00000337190,30,2257981,2258011
ENSG00000123933,ENST00000513380,30,2257981,2258011
ENSG00000123933,ENST00000515378,30,2257981,2258011
ENSG00000123933,ENST00000510822,30,2257981,2258011
ENSG00000063978,ENST00000314289,10,2511955,2511965
ENSG00000063978,ENST00000541204,10,2511955,2511965
ENSG00000063978,ENST00000502316,10,2511955,2511965
ENSG00000063978,ENST00000509388,10,2511955,2511965
ENSG00000063978,ENST00000507247,10,2511955,2511965
ENSG00000063978,ENST00000511843,10,2511955,2511965
ENSG00000063978,ENST00000513284,10,2511955,2511965
ENSG00000063978,ENST00000511859,10,2511955,2511965
ENSG00000063978,ENST00000513643,10,2511955,2511965
ENSG00000063978,ENST00000506706,10,2511955,2511965
ENSG00000063978,ENST00000511600,10,2511955,2511965
ENSG00000087274,ENST00000446856,14,2904763,2904777
ENSG00000159788,ENST00000506631,22,3386415,3386437
ENSG00000159788,ENST00000344733,22,3386415,3386437
ENSG00000159788,ENST00000382788,22,3386415,3386437
ENSG00000159788,ENST00000336727,22,3386415,3386437
ENSG00000159788,ENST00000513784,22,3386415,3386437
ENSG00000159788,ENST00000338806,22,3386415,3386437
ENSG00000159788,ENST00000506998,22,3386415,3386437
ENSG00000159788,ENST00000508158,22,3386415,3386437
ENSG00000159788,ENST00000505570,22,3386415,3386437
ENSG00000159788,ENST00000512990,22,3386415,3386437
ENSG00000159788,ENST00000503041,22,3386415,3386437
ENSG00000109758,ENST00000511533,21,3445875,3445896
ENSG00000184985,ENST00000329016,6,7735399,7735405
ENSG00000163995,ENST00000512594,8,7983546,7983554
ENSG00000163995,ENST00000361737,8,7983546,7983554
ENSG00000163995,ENST00000514025,8,7983546,7983554
ENSG00000163995,ENST00000447017,8,7983546,7983554
ENSG00000163995,ENST00000341937,8,7983546,7983554
ENSG00000163995,ENST00000361581,8,7983546,7983554
ENSG00000163995,ENST00000407564,8,7983546,7983554
ENSG00000163995,ENST00000505872,8,7983546,7983554
ENSG00000231396,ENST00000421288,25,9212249,9212274
ENSG00000233136,ENST00000613973,25,9216997,9217022
ENSG00000232399,ENST00000616303,25,9226488,9226513
ENSG00000249104,ENST00000614762,25,9245471,9245496
ENSG00000250844,ENST00000619296,25,9250222,9250247
ENSG00000248920,ENST00000615989,25,9254970,9254995
ENSG00000250745,ENST00000613757,25,9259716,9259741
ENSG00000249811,ENST00000621388,25,9264464,9264489
ENSG00000248933,ENST00000622009,25,9269211,9269236
ENSG00000232264,ENST00000622713,25,9326757,9326782
ENSG00000230430,ENST00000621472,25,9331503,9331528
ENSG00000229579,ENST00000610514,25,9336250,9336275
ENSG00000109684,ENST00000226951,19,10528075,10528094
ENSG00000109684,ENST00000226951,28,10532255,10532283
ENSG00000109684,ENST00000226951,20,10542021,10542041
ENSG00000109684,ENST00000226951,26,10542254,10542280
ENSG00000109684,ENST00000226951,29,10584926,10584955
ENSG00000109684,ENST00000442825,19,10528075,10528094
ENSG00000109684,ENST00000442825,28,10532255,10532283
ENSG00000109684,ENST00000442825,20,10542021,10542041
ENSG00000109684,ENST00000442825,26,10542254,10542280
ENSG00000109684,ENST00000442825,29,10584926,10584955
ENSG00000109684,ENST00000507719,28,10532255,10532283
ENSG00000109684,ENST00000507719,20,10542021,10542041
ENSG00000109684,ENST00000507719,26,10542254,10542280
ENSG00000109684,ENST00000507719,29,10584926,10584955
ENSG00000137449,ENST00000538197,24,15040463,15040487
ENSG00000137449,ENST00000442003,24,15040463,15040487
ENSG00000137449,ENST00000259997,24,15040463,15040487
ENSG00000137449,ENST00000382395,24,15040463,15040487
ENSG00000048342,ENST00000389652,15,15561587,15561602
ENSG00000048342,ENST00000389652,21,15576603,15576624
ENSG00000007062,ENST00000503884,24,15979880,15979904
ENSG00000007062,ENST00000447510,24,15979880,15979904
ENSG00000007062,ENST00000447510,27,16035734,16035761
ENSG00000007062,ENST00000540805,24,15979880,15979904
ENSG00000007062,ENST00000540805,27,16035734,16035761
ENSG00000007062,ENST00000539194,27,16035734,16035761
ENSG00000007062,ENST00000505450,24,15979880,15979904
ENSG00000007062,ENST00000508167,24,15979880,15979904
ENSG00000007062,ENST00000510224,24,15979880,15979904
ENSG00000007062,ENST00000510224,27,16035734,16035761
ENSG00000007062,ENST00000513946,24,15979880,15979904
ENSG00000249506,ENST00000572816,4,16387918,16387922
ENSG00000169744,ENST00000504189,29,16893070,16893099
ENSG00000145147,ENST00000504154,24,20525148,20525172
ENSG00000145147,ENST00000622093,12,20489942,20489954
ENSG00000145147,ENST00000273739,12,20490802,20490814
ENSG00000145147,ENST00000273739,24,20525148,20525172
ENSG00000145147,ENST00000273739,27,20573233,20573260
ENSG00000145147,ENST00000503837,12,20490802,20490814
ENSG00000168228,ENST00000612982,9,25333286,25333295
ENSG00000168228,ENST00000612982,6,25333296,25333302
ENSG00000168228,ENST00000612982,6,25333303,25333309
ENSG00000053900,ENST00000315368,27,25388716,25388743
ENSG00000053900,ENST00000510092,27,25388716,25388743
ENSG00000053900,ENST00000505080,27,25388716,25388743
ENSG00000053900,ENST00000505991,27,25388716,25388743
ENSG00000249320,ENST00000513686,25,25473270,25473295
ENSG00000109689,ENST00000465503,24,27007982,27008006
ENSG00000109689,ENST00000639195,24,27007982,27008006
ENSG00000047365,ENST00000618163,11,36073688,36073699
ENSG00000065882,ENST00000508802,21,38125110,38125131
ENSG00000163697,ENST00000504305,6,40842369,40842375
ENSG00000163697,ENST00000512510,6,40842369,40842375
ENSG00000163697,ENST00000513516,6,40842369,40842375
ENSG00000163697,ENST00000513493,6,40842369,40842375
ENSG00000154277,ENST00000514924,12,41257114,41257126
ENSG00000154277,ENST00000503431,12,41257114,41257126
ENSG00000154277,ENST00000284440,12,41257114,41257126
ENSG00000154277,ENST00000505232,12,41257114,41257126
ENSG00000154277,ENST00000508768,12,41257114,41257126
ENSG00000154277,ENST00000512788,12,41257114,41257126
ENSG00000188848,ENST00000611697,17,42151656,42151673
ENSG00000145246,ENST00000503288,26,47554725,47554751
ENSG00000170448,ENST00000329043,22,47879095,47879117
ENSG00000170448,ENST00000381538,22,47879095,47879117
ENSG00000170448,ENST00000464756,22,47879095,47879117
ENSG00000170448,ENST00000507489,22,47879095,47879117
ENSG00000170448,ENST00000507131,22,47879095,47879117
ENSG00000075539,ENST00000503238,18,48502827,48502845
ENSG00000075539,ENST00000358350,18,48502827,48502845
ENSG00000075539,ENST00000641795,18,48502827,48502845
ENSG00000075539,ENST00000641795,9,48523487,48523496
ENSG00000109180,ENST00000508996,23,48831226,48831249
ENSG00000145216,ENST00000358575,27,53440581,53440608
ENSG00000145216,ENST00000514543,27,53440581,53440608
ENSG00000145216,ENST00000504094,27,53440581,53440608
ENSG00000109255,ENST00000511469,30,55607436,55607466
ENSG00000109255,ENST00000264218,30,55607436,55607466
ENSG00000109255,ENST00000507338,30,55607436,55607466
ENSG00000109255,ENST00000515325,30,55607436,55607466
ENSG00000109255,ENST00000509371,30,55607436,55607466
ENSG00000109265,ENST00000541073,22,56301225,56301247
ENSG00000128050,ENST00000399688,21,56446356,56446377
ENSG00000128040,ENST00000631082,4,56816710,56816714
ENSG00000150471,ENST00000512091,15,61730621,61730636
ENSG00000150471,ENST00000512091,27,62028854,62028881
ENSG00000150471,ENST00000514591,15,61730621,61730636
ENSG00000150471,ENST00000514591,27,62028854,62028881
ENSG00000150471,ENST00000509896,15,61730621,61730636
ENSG00000150471,ENST00000509896,27,62028854,62028881
ENSG00000150471,ENST00000511324,15,61730621,61730636
ENSG00000150471,ENST00000506700,15,61730621,61730636
ENSG00000150471,ENST00000507164,15,61730621,61730636
ENSG00000150471,ENST00000508693,15,61730621,61730636
ENSG00000150471,ENST00000508693,27,62028854,62028881
ENSG00000150471,ENST00000507625,15,61730621,61730636
ENSG00000150471,ENST00000514157,15,61730621,61730636
ENSG00000150471,ENST00000504896,15,61730621,61730636
ENSG00000150471,ENST00000504896,27,62028854,62028881
ENSG00000150471,ENST00000508946,15,61730621,61730636
ENSG00000150471,ENST00000508946,27,62028854,62028881
ENSG00000150471,ENST00000506720,15,61730621,61730636
ENSG00000150471,ENST00000506720,27,62028854,62028881
ENSG00000150471,ENST00000506746,15,61730621,61730636
ENSG00000150471,ENST00000514996,15,61730621,61730636
ENSG00000248692,ENST00000509461,17,62157368,62157385
ENSG00000251055,ENST00000507857,20,63143043,63143063
ENSG00000248998,ENST00000514817,18,65144731,65144749
ENSG00000033178,ENST00000322244,29,67681562,67681591
ENSG00000033178,ENST00000420827,29,67681562,67681591
ENSG00000033178,ENST00000429659,29,67681562,67681591
ENSG00000033178,ENST00000506571,29,67681562,67681591
ENSG00000126545,ENST00000246891,21,69934689,69934710
ENSG00000126545,ENST00000246891,24,69935925,69935949
ENSG00000126545,ENST00000246891,24,69936455,69936479
ENSG00000126545,ENST00000246891,24,69937120,69937144
ENSG00000126545,ENST00000246891,24,69937799,69937823
ENSG00000126545,ENST00000246891,24,69940020,69940044
ENSG00000126545,ENST00000246891,18,69942045,69942063
ENSG00000126545,ENST00000507763,21,69934689,69934710
ENSG00000126545,ENST00000507763,24,69935925,69935949
ENSG00000126545,ENST00000507763,24,69936455,69936479
ENSG00000126545,ENST00000507763,24,69937120,69937144
ENSG00000126545,ENST00000507763,24,69937799,69937823
ENSG00000126545,ENST00000507763,18,69942045,69942063
ENSG00000126545,ENST00000507772,21,69934689,69934710
ENSG00000126545,ENST00000507772,24,69935925,69935949
ENSG00000126545,ENST00000507772,24,69936455,69936479
ENSG00000126545,ENST00000507772,24,69937120,69937144
ENSG00000126545,ENST00000507772,24,69937799,69937823
ENSG00000126545,ENST00000507772,18,69942045,69942063
ENSG00000126545,ENST00000505782,21,69934689,69934710
ENSG00000126545,ENST00000505782,24,69935925,69935949
ENSG00000126545,ENST00000505782,24,69936455,69936479
ENSG00000126545,ENST00000505782,24,69937799,69937823
ENSG00000126545,ENST00000505782,18,69942045,69942063
ENSG00000126545,ENST00000633258,24,69937799,69937823
ENSG00000126545,ENST00000633258,24,69940020,69940044
ENSG00000135222,ENST00000353151,21,69959048,69959069
ENSG00000135222,ENST00000353151,27,69960052,69960079
ENSG00000126549,ENST00000246895,21,69999666,69999687
ENSG00000126549,ENST00000246895,30,69999779,69999809
ENSG00000126549,ENST00000615994,21,69999666,69999687
ENSG00000126549,ENST00000615994,30,69999779,69999809
ENSG00000126549,ENST00000510010,21,69999666,69999687
ENSG00000126549,ENST00000381060,21,69999666,69999687
ENSG00000205649,ENST00000526767,21,70031978,70031999
ENSG00000205649,ENST00000526767,30,70032077,70032107
ENSG00000205649,ENST00000530128,21,70031978,70031999
ENSG00000205649,ENST00000530128,30,70032077,70032107
ENSG00000205649,ENST00000381057,21,70031978,70031999
ENSG00000126550,ENST00000246896,21,70054321,70054342
ENSG00000126550,ENST00000246896,30,70054420,70054450
ENSG00000126550,ENST00000511674,21,70054321,70054342
ENSG00000126550,ENST00000511674,30,70054420,70054450
ENSG00000126550,ENST00000610341,21,70054321,70054342
ENSG00000126550,ENST00000610341,30,70054420,70054450
ENSG00000234124,ENST00000451783,30,70070425,70070455
ENSG00000234124,ENST00000451783,24,70071229,70071253
ENSG00000234124,ENST00000451783,27,70072530,70072557
ENSG00000234124,ENST00000451783,27,70073004,70073031
ENSG00000234124,ENST00000451783,24,70074115,70074139
ENSG00000234124,ENST00000451783,24,70078753,70078777
ENSG00000234124,ENST00000451783,24,70079726,70079750
ENSG00000234124,ENST00000503813,30,70070425,70070455
ENSG00000234124,ENST00000503711,30,70070425,70070455
ENSG00000234124,ENST00000503711,27,70072530,70072557
ENSG00000234124,ENST00000503711,24,70074115,70074139
ENSG00000234124,ENST00000503711,24,70078753,70078777
ENSG00000234124,ENST00000503711,24,70079726,70079750
ENSG00000234124,ENST00000512167,24,70078753,70078777
ENSG00000234124,ENST00000512167,24,70079726,70079750
ENSG00000187533,ENST00000502441,25,70136047,70136072
ENSG00000187533,ENST00000502441,27,70139908,70139935
ENSG00000187533,ENST00000502441,24,70141391,70141415
ENSG00000187533,ENST00000502441,19,70156053,70156072
ENSG00000187533,ENST00000502294,24,70156053,70156077
ENSG00000187533,ENST00000344526,24,70156053,70156077
ENSG00000187533,ENST00000509633,24,70156053,70156077
ENSG00000187689,ENST00000339336,27,70529183,70529210
ENSG00000187689,ENST00000504451,27,70529183,70529210
ENSG00000178522,ENST00000613447,4,70601903,70601907
ENSG00000132465,ENST00000510614,27,70665859,70665886
ENSG00000018189,ENST00000381006,28,70802955,70802983
ENSG00000018189,ENST00000502653,28,70802955,70802983
ENSG00000018189,ENST00000512103,28,70802955,70802983
ENSG00000018189,ENST00000503025,28,70802955,70802983
ENSG00000018189,ENST00000512331,28,70802955,70802983
ENSG00000018189,ENST00000515479,28,70802955,70802983
ENSG00000156140,ENST00000286657,28,72567373,72567401
ENSG00000156140,ENST00000622135,28,72567373,72567401
ENSG00000156140,ENST00000505193,28,72567373,72567401
ENSG00000132466,ENST00000639793,27,73142722,73142749
ENSG00000132466,ENST00000639793,14,73142754,73142768
ENSG00000163631,ENST00000621628,4,73409072,73409076
ENSG00000163631,ENST00000621085,8,73409354,73409362
ENSG00000182585,ENST00000502835,27,74313017,74313044
ENSG00000182585,ENST00000514968,27,74313017,74313044
ENSG00000182585,ENST00000503098,27,74313017,74313044
ENSG00000163743,ENST00000324439,27,75491610,75491637
ENSG00000163743,ENST00000380840,27,75491610,75491637
ENSG00000163743,ENST00000505105,27,75491610,75491637
ENSG00000163743,ENST00000512567,27,75491610,75491637
ENSG00000163743,ENST00000512706,27,75491610,75491637
ENSG00000163743,ENST00000513909,27,75491610,75491637
ENSG00000138768,ENST00000264904,12,75760593,75760605
ENSG00000138768,ENST00000264904,21,75795335,75795356
ENSG00000138744,ENST00000286733,29,75918760,75918789
ENSG00000138744,ENST00000602782,29,75918760,75918789
ENSG00000156219,ENST00000510669,30,76100290,76100320
ENSG00000156219,ENST00000510669,30,76100794,76100824
ENSG00000156219,ENST00000510669,30,76100989,76101019
ENSG00000156219,ENST00000341029,30,76100290,76100320
ENSG00000156219,ENST00000341029,30,76100794,76100824
ENSG00000156219,ENST00000341029,30,76100989,76101019
ENSG00000156219,ENST00000355810,30,76100290,76100320
ENSG00000156219,ENST00000355810,30,76100794,76100824
ENSG00000156219,ENST00000355810,30,76100989,76101019
ENSG00000156219,ENST00000349321,30,76100290,76100320
ENSG00000156219,ENST00000349321,30,76100794,76100824
ENSG00000156219,ENST00000349321,30,76100989,76101019
ENSG00000156219,ENST00000395688,30,76100794,76100824
ENSG00000156219,ENST00000395688,30,76100989,76101019
ENSG00000156219,ENST00000506667,30,76100290,76100320
ENSG00000156219,ENST00000506667,30,76100794,76100824
ENSG00000156219,ENST00000506667,30,76100989,76101019
ENSG00000156219,ENST00000504112,30,76100290,76100320
ENSG00000156219,ENST00000504112,30,76100794,76100824
ENSG00000156219,ENST00000504112,30,76100989,76101019
ENSG00000156219,ENST00000506313,30,76100290,76100320
ENSG00000156219,ENST00000506313,30,76100794,76100824
ENSG00000156219,ENST00000506313,30,76100989,76101019
ENSG00000156219,ENST00000511188,30,76100290,76100320
ENSG00000156219,ENST00000511188,30,76100794,76100824
ENSG00000156219,ENST00000511188,30,76100989,76101019
ENSG00000138750,ENST00000502850,23,76145554,76145577
ENSG00000138674,ENST00000355196,25,82899712,82899737
ENSG00000251022,ENST00000504792,25,82899712,82899737
ENSG00000251022,ENST00000508772,25,82899712,82899737
ENSG00000251022,ENST00000504718,25,82899712,82899737
ENSG00000251022,ENST00000507660,25,82899712,82899737
ENSG00000109339,ENST00000642103,27,86194308,86194335
ENSG00000109339,ENST00000472236,28,86098420,86098448
ENSG00000109339,ENST00000511167,28,86098420,86098448
ENSG00000109339,ENST00000641347,28,86098420,86098448
ENSG00000172493,ENST00000544085,20,87135579,87135599
ENSG00000138641,ENST00000402738,24,88676217,88676241
ENSG00000138641,ENST00000264345,24,88676217,88676241
ENSG00000163110,ENST00000318007,17,94579520,94579537
ENSG00000163110,ENST00000318007,15,94582716,94582731
ENSG00000163110,ENST00000318007,18,94584985,94585003
ENSG00000163110,ENST00000380180,18,94584985,94585003
ENSG00000163110,ENST00000615540,18,94584985,94585003
ENSG00000163110,ENST00000503974,18,94584985,94585003
ENSG00000163110,ENST00000508216,18,94584985,94585003
ENSG00000163110,ENST00000514743,18,94584985,94585003
ENSG00000163110,ENST00000508531,17,94579520,94579537
ENSG00000164024,ENST00000510209,7,99037934,99037941
ENSG00000246090,ENST00000500358,12,99290936,99290948
ENSG00000198099,ENST00000629236,22,99124444,99124466
ENSG00000198099,ENST00000506705,28,99143043,99143071
ENSG00000198099,ENST00000504894,28,99143043,99143071
ENSG00000164031,ENST00000398991,27,99910348,99910375
ENSG00000164035,ENST00000296420,25,100417116,100417141
ENSG00000164035,ENST00000305864,25,100417116,100417141
ENSG00000164035,ENST00000511970,25,100417116,100417141
ENSG00000138814,ENST00000512215,30,101029165,101029195
ENSG00000138814,ENST00000394854,30,101029165,101029195
ENSG00000138814,ENST00000507176,30,101029165,101029195
ENSG00000153064,ENST00000502990,26,101422632,101422658
ENSG00000153064,ENST00000504592,26,101422632,101422658
ENSG00000153064,ENST00000504592,30,102071274,102071304
ENSG00000153064,ENST00000322953,30,102071274,102071304
ENSG00000153064,ENST00000428908,30,102071274,102071304
ENSG00000153064,ENST00000508653,30,102071274,102071304
ENSG00000153064,ENST00000444316,30,102071274,102071304
ENSG00000153064,ENST00000504403,30,102071274,102071304
ENSG00000138778,ENST00000611174,9,103139942,103139951
ENSG00000138778,ENST00000611174,9,103139952,103139961
ENSG00000236699,ENST00000420470,18,105636402,105636420
ENSG00000236699,ENST00000508036,18,105636402,105636420
ENSG00000251175,ENST00000506527,11,105826111,105826122
ENSG00000145348,ENST00000394706,25,106251982,106252007
ENSG00000138796,ENST00000403312,9,108028860,108028869
ENSG00000188517,ENST00000642955,27,108825195,108825222
ENSG00000188517,ENST00000642955,27,108841694,108841721
ENSG00000188517,ENST00000642955,24,108852901,108852925
ENSG00000188517,ENST00000642955,27,108899153,108899180
ENSG00000188517,ENST00000642955,27,108920577,108920604
ENSG00000188517,ENST00000642955,27,108974366,108974393
ENSG00000188517,ENST00000642955,27,108974532,108974559
ENSG00000188517,ENST00000642955,18,109010357,109010375
ENSG00000188517,ENST00000642955,8,109048167,109048175
ENSG00000188517,ENST00000494183,27,108825195,108825222
ENSG00000188517,ENST00000494183,27,108841694,108841721
ENSG00000188517,ENST00000494183,24,108852901,108852925
ENSG00000188517,ENST00000494183,27,108899153,108899180
ENSG00000188517,ENST00000494183,27,108920577,108920604
ENSG00000188517,ENST00000494183,27,108974366,108974393
ENSG00000188517,ENST00000494183,27,108974532,108974559
ENSG00000188517,ENST00000494183,18,109010357,109010375
ENSG00000188517,ENST00000494183,8,109048167,109048175
ENSG00000188517,ENST00000610288,27,108825195,108825222
ENSG00000188517,ENST00000610288,27,108841694,108841721
ENSG00000188517,ENST00000610288,24,108852901,108852925
ENSG00000188517,ENST00000610288,27,108899153,108899180
ENSG00000188517,ENST00000610288,27,108920577,108920604
ENSG00000188517,ENST00000610288,27,108974366,108974393
ENSG00000188517,ENST00000610288,27,108974532,108974559
ENSG00000188517,ENST00000610288,18,109010357,109010375
ENSG00000188517,ENST00000622134,27,108825195,108825222
ENSG00000188517,ENST00000622134,27,108841694,108841721
ENSG00000188517,ENST00000622134,24,108852901,108852925
ENSG00000188517,ENST00000622134,2,108854066,108854068
ENSG00000188517,ENST00000622134,27,108899153,108899180
ENSG00000188517,ENST00000622134,27,108920577,108920604
ENSG00000188517,ENST00000622134,2,108920995,108920997
ENSG00000188517,ENST00000622134,27,108974366,108974393
ENSG00000188517,ENST00000622134,27,108974532,108974559
ENSG00000188517,ENST00000622134,18,109010357,109010375
ENSG00000188517,ENST00000399132,27,108825195,108825222
ENSG00000188517,ENST00000399132,27,108841694,108841721
ENSG00000188517,ENST00000399132,24,108852901,108852925
ENSG00000188517,ENST00000399132,27,108899153,108899180
ENSG00000188517,ENST00000399132,27,108920577,108920604
ENSG00000188517,ENST00000399132,27,108974366,108974393
ENSG00000188517,ENST00000399132,27,108974532,108974559
ENSG00000188517,ENST00000399132,18,109010357,109010375
ENSG00000188517,ENST00000399132,8,109048167,109048175
ENSG00000188517,ENST00000399127,27,108841694,108841721
ENSG00000188517,ENST00000399127,27,108899153,108899180
ENSG00000188517,ENST00000399127,27,108920577,108920604
ENSG00000188517,ENST00000399127,27,108974366,108974393
ENSG00000188517,ENST00000399127,27,108974532,108974559
ENSG00000188517,ENST00000399127,18,109010357,109010375
ENSG00000188517,ENST00000399127,8,109048167,109048175
ENSG00000188517,ENST00000399126,27,108825195,108825222
ENSG00000188517,ENST00000399126,27,108841694,108841721
ENSG00000188517,ENST00000399126,24,108852901,108852925
ENSG00000188517,ENST00000399126,27,108899153,108899180
ENSG00000188517,ENST00000399126,27,108920577,108920604
ENSG00000188517,ENST00000399126,27,108974366,108974393
ENSG00000188517,ENST00000399126,27,108974532,108974559
ENSG00000188517,ENST00000399126,18,109010357,109010375
ENSG00000188517,ENST00000399126,8,109048167,109048175
ENSG00000188517,ENST00000505377,27,108825195,108825222
ENSG00000285330,ENST00000645635,21,109757762,109757783
ENSG00000205403,ENST00000504853,21,109757762,109757783
ENSG00000205403,ENST00000394634,21,109757762,109757783
ENSG00000205403,ENST00000394635,21,109757762,109757783
ENSG00000205403,ENST00000394635,24,109757935,109757959
ENSG00000205403,ENST00000618244,21,109757762,109757783
ENSG00000170522,ENST00000514184,29,110093105,110093134
ENSG00000170522,ENST00000506461,29,110093105,110093134
ENSG00000138660,ENST00000274000,27,112254746,112254773
ENSG00000138660,ENST00000274000,26,112257771,112257797
ENSG00000138660,ENST00000510527,27,112254746,112254773
ENSG00000138660,ENST00000510527,26,112257771,112257797
ENSG00000138660,ENST00000309703,27,112254746,112254773
ENSG00000138660,ENST00000309703,26,112257771,112257797
ENSG00000145362,ENST00000503271,24,113237598,113237622
ENSG00000145362,ENST00000503423,24,113237598,113237622
ENSG00000145362,ENST00000503423,22,113350227,113350249
ENSG00000145362,ENST00000506722,24,113237598,113237622
ENSG00000145362,ENST00000506722,22,113350227,113350249
ENSG00000145362,ENST00000504454,24,113237598,113237622
ENSG00000145362,ENST00000504454,22,113350227,113350249
ENSG00000145362,ENST00000394537,24,113237598,113237622
ENSG00000145362,ENST00000394537,22,113350227,113350249
ENSG00000145362,ENST00000357077,24,113237598,113237622
ENSG00000145362,ENST00000357077,22,113350227,113350249
ENSG00000145362,ENST00000264366,24,113237598,113237622
ENSG00000145362,ENST00000264366,22,113350227,113350249
ENSG00000145362,ENST00000634436,24,113237598,113237622
ENSG00000145362,ENST00000634436,12,113313683,113313695
ENSG00000145362,ENST00000509550,22,113350227,113350249
ENSG00000145362,ENST00000514960,22,113350227,113350249
ENSG00000145362,ENST00000504415,22,113350227,113350249
ENSG00000145362,ENST00000510275,22,113350227,113350249
ENSG00000145362,ENST00000508007,22,113350227,113350249
ENSG00000236922,ENST00000600624,24,117576966,117576990
ENSG00000236922,ENST00000615833,24,117576966,117576990
ENSG00000261083,ENST00000563724,29,124534219,124534248
ENSG00000142731,ENST00000507249,24,127891091,127891115
ENSG00000164074,ENST00000645843,28,128011672,128011700
ENSG00000164074,ENST00000398965,28,128011672,128011700
ENSG00000164074,ENST00000444616,26,128011674,128011700
ENSG00000164074,ENST00000388795,26,128011674,128011700
ENSG00000164074,ENST00000611882,28,128011672,128011700
ENSG00000250126,ENST00000505454,25,137652162,137652187
ENSG00000196782,ENST00000398940,27,139889279,139889306
ENSG00000179387,ENST00000323570,29,140527465,140527494
ENSG00000179387,ENST00000502397,29,140527465,140527494
ENSG00000179387,ENST00000513606,29,140527465,140527494
ENSG00000109445,ENST00000262990,20,141224486,141224506
ENSG00000109445,ENST00000507532,20,141224486,141224506
ENSG00000109445,ENST00000512809,20,141224486,141224506
ENSG00000109445,ENST00000503649,20,141224486,141224506
ENSG00000109445,ENST00000512738,20,141224486,141224506
ENSG00000109445,ENST00000506302,20,141224486,141224506
ENSG00000250361,ENST00000429670,19,143997539,143997558
ENSG00000164164,ENST00000509985,6,145165191,145165197
ENSG00000151611,ENST00000649173,20,145651127,145651147
ENSG00000137473,ENST00000398886,18,146833879,146833897
ENSG00000170390,ENST00000635524,13,150254425,150254438
ENSG00000249012,ENST00000504587,24,151261111,151261135
ENSG00000249012,ENST00000504587,30,151262336,151262366
ENSG00000170006,ENST00000304385,28,152644414,152644442
ENSG00000170006,ENST00000613578,28,152644414,152644442
ENSG00000145428,ENST00000506505,10,153751437,153751447
ENSG00000171566,ENST00000302078,27,154547037,154547064
ENSG00000151790,ENST00000503634,29,155855301,155855330
ENSG00000151790,ENST00000506181,29,155855301,155855330
ENSG00000151790,ENST00000506072,29,155855301,155855330
ENSG00000151790,ENST00000507590,29,155855301,155855330
ENSG00000151790,ENST00000512584,27,155910184,155910211
ENSG00000145431,ENST00000504672,29,156767961,156767990
ENSG00000145431,ENST00000422544,29,156767961,156767990
ENSG00000109738,ENST00000515642,12,157091370,157091382
ENSG00000109756,ENST00000644474,24,159344035,159344059
ENSG00000109756,ENST00000505478,18,159243773,159243791
ENSG00000109756,ENST00000504604,18,159243773,159243791
ENSG00000109756,ENST00000264431,24,159344035,159344059
ENSG00000168843,ENST00000306100,27,161510397,161510424
ENSG00000168843,ENST00000379164,27,161510397,161510424
ENSG00000196104,ENST00000357154,9,167083237,167083246
ENSG00000196104,ENST00000511531,9,167062641,167062650
ENSG00000196104,ENST00000506886,9,167083237,167083246
ENSG00000196104,ENST00000502330,9,167062641,167062650
ENSG00000196104,ENST00000507086,9,167083237,167083246
ENSG00000196104,ENST00000502741,9,167062641,167062650
ENSG00000196104,ENST00000506697,9,167083237,167083246
ENSG00000196104,ENST00000512042,9,167062641,167062650
ENSG00000129116,ENST00000261509,24,168691268,168691292
ENSG00000129116,ENST00000505667,24,168691268,168691292
ENSG00000129116,ENST00000508898,24,168691268,168691292
ENSG00000129116,ENST00000512127,24,168691268,168691292
ENSG00000145439,ENST00000504561,30,169005884,169005914
ENSG00000137601,ENST00000638824,28,169478352,169478380
ENSG00000109572,ENST00000504131,1,169663113,169663114
ENSG00000150625,ENST00000509865,16,175960743,175960759
ENSG00000150627,ENST00000280190,21,176166123,176166144
ENSG00000150627,ENST00000507824,21,176166123,176166144
ENSG00000150627,ENST00000443118,21,176166123,176166144
ENSG00000251504,ENST00000507011,23,177776571,177776594
ENSG00000218336,ENST00000502950,21,182744142,182744163
ENSG00000129187,ENST00000512766,8,182915880,182915888
ENSG00000129187,ENST00000509218,8,182915880,182915888
ENSG00000129187,ENST00000503988,8,182915880,182915888
ENSG00000182552,ENST00000326397,3,183646350,183646353
ENSG00000182552,ENST00000510968,3,183646350,183646353
ENSG00000182552,ENST00000510702,3,183646350,183646353
ENSG00000182552,ENST00000512740,3,183646350,183646353
ENSG00000182552,ENST00000514322,3,183646350,183646353
ENSG00000168538,ENST00000357207,10,183708406,183708416
ENSG00000168538,ENST00000505676,10,183708406,183708416
ENSG00000154556,ENST00000284776,27,185678795,185678822
ENSG00000154556,ENST00000448662,27,185678795,185678822
ENSG00000154556,ENST00000437304,27,185678795,185678822
ENSG00000154556,ENST00000319471,27,185678795,185678822
ENSG00000154556,ENST00000449407,27,185678795,185678822
ENSG00000154556,ENST00000355634,27,185678795,185678822
ENSG00000154556,ENST00000393528,27,185678795,185678822
ENSG00000154556,ENST00000319454,27,185678795,185678822
ENSG00000154556,ENST00000470685,27,185678795,185678822
ENSG00000154556,ENST00000445343,27,185678795,185678822
ENSG00000154556,ENST00000439914,27,185678795,185678822
ENSG00000154556,ENST00000444771,27,185678795,185678822
ENSG00000154556,ENST00000430503,27,185678795,185678822
ENSG00000154556,ENST00000450341,27,185678795,185678822
ENSG00000154556,ENST00000445115,27,185678795,185678822
ENSG00000154556,ENST00000457247,27,185678795,185678822
ENSG00000154556,ENST00000456596,27,185678795,185678822
ENSG00000154556,ENST00000425679,27,185678795,185678822
ENSG00000154556,ENST00000439049,27,185678795,185678822
ENSG00000154556,ENST00000451958,27,185678795,185678822
ENSG00000154556,ENST00000444781,27,185678795,185678822
ENSG00000154556,ENST00000414724,27,185678795,185678822
ENSG00000154556,ENST00000419063,27,185678795,185678822
ENSG00000154556,ENST00000393523,27,185678795,185678822
ENSG00000154556,ENST00000420158,27,185678795,185678822
ENSG00000154556,ENST00000421639,27,185678795,185678822
ENSG00000154556,ENST00000493709,27,185678795,185678822
ENSG00000154556,ENST00000457934,27,185678795,185678822
ENSG00000154556,ENST00000431902,27,185678795,185678822
ENSG00000154556,ENST00000435480,27,185678795,185678822
ENSG00000154556,ENST00000415274,27,185678795,185678822
ENSG00000154556,ENST00000432655,27,185678795,185678822
ENSG00000154556,ENST00000451701,27,185678795,185678822
ENSG00000154556,ENST00000428330,27,185678795,185678822
ENSG00000154556,ENST00000421420,27,185678795,185678822
ENSG00000154556,ENST00000464975,27,185678795,185678822
ENSG00000154556,ENST00000464819,27,185678795,185678822
ENSG00000154556,ENST00000478249,27,185678795,185678822
ENSG00000154556,ENST00000452351,27,185678795,185678822
ENSG00000154556,ENST00000429056,27,185678795,185678822
ENSG00000154556,ENST00000463104,27,185678795,185678822
ENSG00000109794,ENST00000389354,3,186163630,186163633
ENSG00000164344,ENST00000446598,9,186228244,186228253
ENSG00000164344,ENST00000513864,9,186228244,186228253
ENSG00000083857,ENST00000614102,12,186628487,186628499
ENSG00000083857,ENST00000614102,9,186628500,186628509
ENSG00000179046,ENST00000512729,23,188097323,188097346
ENSG00000179046,ENST00000326754,23,188097323,188097346
ENSG00000184108,ENST00000332517,23,188143837,188143860
ENSG00000184108,ENST00000512233,23,188143837,188143860
ENSG00000188818,ENST00000424784,18,795850,795868
ENSG00000188818,ENST00000424784,21,795915,795936
ENSG00000188818,ENST00000424784,1,796063,796064
ENSG00000188818,ENST00000424784,21,796163,796184
ENSG00000188818,ENST00000424784,15,796185,796200
ENSG00000113504,ENST00000634447,15,1056581,1056596
ENSG00000164151,ENST00000512608,19,5439894,5439913
ENSG00000164151,ENST00000296564,19,5439894,5439913
ENSG00000205976,ENST00000512854,30,7304231,7304261
ENSG00000112902,ENST00000509486,19,9280788,9280807
ENSG00000038382,ENST00000344204,28,14497846,14497874
ENSG00000038382,ENST00000512070,28,14497846,14497874
ENSG00000038382,ENST00000513206,28,14497846,14497874
ENSG00000038382,ENST00000344135,28,14497846,14497874
ENSG00000145555,ENST00000274203,14,16780727,16780741
ENSG00000145555,ENST00000513610,14,16780727,16780741
ENSG00000145555,ENST00000513882,14,16780727,16780741
ENSG00000251273,ENST00000641970,30,25167161,25167191
ENSG00000251273,ENST00000641261,30,25167161,25167191
ENSG00000251273,ENST00000507600,30,25167161,25167191
ENSG00000259786,ENST00000565798,27,29169559,29169586
ENSG00000113360,ENST00000505601,25,31467141,31467166
ENSG00000113387,ENST00000510442,10,32586491,32586501
ENSG00000039560,ENST00000265109,29,34812179,34812208
ENSG00000039560,ENST00000512629,29,34812179,34812208
ENSG00000039560,ENST00000428746,29,34812179,34812208
ENSG00000039560,ENST00000508777,29,34812179,34812208
ENSG00000039560,ENST00000503673,29,34812179,34812208
ENSG00000039560,ENST00000515799,29,34812179,34812208
ENSG00000039560,ENST00000506376,29,34812179,34812208
ENSG00000145604,ENST00000546211,29,36152241,36152270
ENSG00000274441,ENST00000618632,3,36638787,36638790
ENSG00000164318,ENST00000354891,24,38445678,38445702
ENSG00000082074,ENST00000351578,26,39124252,39124278
ENSG00000082074,ENST00000351578,23,39130589,39130612
ENSG00000082074,ENST00000351578,20,39139232,39139252
ENSG00000082074,ENST00000646045,26,39124252,39124278
ENSG00000082074,ENST00000646045,23,39130589,39130612
ENSG00000082074,ENST00000646045,20,39139232,39139252
ENSG00000082074,ENST00000512982,26,39124252,39124278
ENSG00000082074,ENST00000512982,23,39130589,39130612
ENSG00000082074,ENST00000512982,20,39139232,39139252
ENSG00000082074,ENST00000515010,26,39124252,39124278
ENSG00000082074,ENST00000515010,23,39130589,39130612
ENSG00000082074,ENST00000515010,20,39139232,39139252
ENSG00000082074,ENST00000505428,26,39124252,39124278
ENSG00000082074,ENST00000505428,23,39130589,39130612
ENSG00000082074,ENST00000505428,20,39139232,39139252
ENSG00000082074,ENST00000646444,26,39124252,39124278
ENSG00000153071,ENST00000545653,27,39389096,39389123
ENSG00000153071,ENST00000339788,27,39389096,39389123
ENSG00000153071,ENST00000320816,27,39389096,39389123
ENSG00000153071,ENST00000509337,27,39389096,39389123
ENSG00000153071,ENST00000512525,27,39389096,39389123
ENSG00000171495,ENST00000503890,27,41033837,41033864
ENSG00000171495,ENST00000515297,27,41033837,41033864
ENSG00000171495,ENST00000506092,27,41033837,41033864
ENSG00000171495,ENST00000506092,24,41052464,41052488
ENSG00000171495,ENST00000399564,27,41033837,41033864
ENSG00000205765,ENST00000612065,2,41918686,41918688
ENSG00000250722,ENST00000511224,29,42809759,42809788
ENSG00000170571,ENST00000508934,25,50411196,50411221
ENSG00000151883,ENST00000514342,7,50833419,50833426
ENSG00000185305,ENST00000620747,6,54067161,54067167
ENSG00000039123,ENST00000504997,28,55324131,55324159
ENSG00000155545,ENST00000381226,25,56950627,56950652
ENSG00000155545,ENST00000381213,25,56950627,56950652
ENSG00000155545,ENST00000381199,25,56950627,56950652
ENSG00000155545,ENST00000452157,25,56950627,56950652
ENSG00000155545,ENST00000336942,25,56950627,56950652
ENSG00000155545,ENST00000480115,25,56950627,56950652
ENSG00000155545,ENST00000546593,25,56950627,56950652
ENSG00000155545,ENST00000497185,25,56950627,56950652
ENSG00000062194,ENST00000511209,21,57221375,57221396
ENSG00000062194,ENST00000264779,21,57221375,57221396
ENSG00000113448,ENST00000546160,17,59217219,59217236
ENSG00000113448,ENST00000638939,11,59216743,59216754
ENSG00000113597,ENST00000399438,18,65655635,65655653
ENSG00000113597,ENST00000438419,18,65655635,65655653
ENSG00000113597,ENST00000504243,18,65655635,65655653
ENSG00000153914,ENST00000523851,28,66153462,66153490
ENSG00000153914,ENST00000520953,29,66153567,66153596
ENSG00000069020,ENST00000450827,22,66964039,66964061
ENSG00000069020,ENST00000405643,9,67094156,67094165
ENSG00000145740,ENST00000621204,6,69121746,69121752
ENSG00000152942,ENST00000514066,21,69372033,69372054
ENSG00000157107,ENST00000430046,25,73041290,73041315
ENSG00000157107,ENST00000430046,12,73054159,73054171
ENSG00000157107,ENST00000430046,25,73054524,73054549
ENSG00000157107,ENST00000512348,25,73041290,73041315
ENSG00000157107,ENST00000512348,12,73054159,73054171
ENSG00000157107,ENST00000512348,25,73054524,73054549
ENSG00000250802,ENST00000642217,15,77098654,77098669
ENSG00000164253,ENST00000511791,22,77489550,77489572
ENSG00000164253,ENST00000512168,26,77492169,77492195
ENSG00000132840,ENST00000519743,25,79077587,79077612
ENSG00000164309,ENST00000446378,23,79747090,79747113
ENSG00000164309,ENST00000506603,23,79747090,79747113
ENSG00000145687,ENST00000320672,29,81437429,81437458
ENSG00000145687,ENST00000615665,29,81437429,81437458
ENSG00000145687,ENST00000509053,29,81437429,81437458
ENSG00000145687,ENST00000514493,29,81437429,81437458
ENSG00000145687,ENST00000504985,29,81437429,81437458
ENSG00000145687,ENST00000510060,29,81437429,81437458
ENSG00000145687,ENST00000505980,29,81437429,81437458
ENSG00000145687,ENST00000515395,29,81437429,81437458
ENSG00000145687,ENST00000504136,29,81437429,81437458
ENSG00000164176,ENST00000296591,30,84229854,84229884
ENSG00000205449,ENST00000508988,23,86284371,86284394
ENSG00000081189,ENST00000504921,24,88730210,88730234
ENSG00000081189,ENST00000636998,24,88730210,88730234
ENSG00000081189,ENST00000437473,24,88730210,88730234
ENSG00000081189,ENST00000625585,24,88730210,88730234
ENSG00000081189,ENST00000514028,24,88730210,88730234
ENSG00000081189,ENST00000506554,24,88730210,88730234
ENSG00000081189,ENST00000637732,24,88730210,88730234
ENSG00000081189,ENST00000514015,24,88730210,88730234
ENSG00000081189,ENST00000636143,24,88730210,88730234
ENSG00000081189,ENST00000636294,24,88730210,88730234
ENSG00000081189,ENST00000627170,24,88730210,88730234
ENSG00000081189,ENST00000503554,24,88730210,88730234
ENSG00000081189,ENST00000626391,24,88730210,88730234
ENSG00000081189,ENST00000635898,27,88817804,88817831
ENSG00000205359,ENST00000505407,15,102477675,102477690
ENSG00000134987,ENST00000506538,28,111094919,111094947
ENSG00000134987,ENST00000612402,28,111094919,111094947
ENSG00000134987,ENST00000513710,28,111094919,111094947
ENSG00000134987,ENST00000505303,28,111094919,111094947
ENSG00000164211,ENST00000510346,29,111505014,111505043
ENSG00000164211,ENST00000455172,29,111505014,111505043
ENSG00000258864,ENST00000520401,25,112856648,112856673
ENSG00000080709,ENST00000631899,9,114490690,114490699
ENSG00000080709,ENST00000632892,9,114490690,114490699
ENSG00000152503,ENST00000508894,30,115159640,115159670
ENSG00000092421,ENST00000343348,21,116473072,116473093
ENSG00000092421,ENST00000257414,21,116473072,116473093
ENSG00000092421,ENST00000515129,21,116473072,116473093
ENSG00000092421,ENST00000510263,21,116473072,116473093
ENSG00000092421,ENST00000506114,21,116473072,116473093
ENSG00000133835,ENST00000256216,22,119475705,119475727
ENSG00000133835,ENST00000256216,25,119492099,119492124
ENSG00000133835,ENST00000646590,22,119475705,119475727
ENSG00000133835,ENST00000515320,22,119475705,119475727
ENSG00000133835,ENST00000515320,25,119492099,119492124
ENSG00000133835,ENST00000442060,22,119475705,119475727
ENSG00000133835,ENST00000442060,25,119492099,119492124
ENSG00000133835,ENST00000510025,22,119475705,119475727
ENSG00000133835,ENST00000510025,25,119492099,119492124
ENSG00000133835,ENST00000414835,22,119475705,119475727
ENSG00000133835,ENST00000414835,25,119492099,119492124
ENSG00000133835,ENST00000504811,22,119475705,119475727
ENSG00000133835,ENST00000504811,25,119492099,119492124
ENSG00000133835,ENST00000646058,22,119475705,119475727
ENSG00000133835,ENST00000646058,25,119492099,119492124
ENSG00000133835,ENST00000515235,22,119475705,119475727
ENSG00000133835,ENST00000645832,22,119475705,119475727
ENSG00000133835,ENST00000645832,25,119492099,119492124
ENSG00000133835,ENST00000644146,22,119475705,119475727
ENSG00000133835,ENST00000646355,22,119475705,119475727
ENSG00000133835,ENST00000646355,25,119492099,119492124
ENSG00000133835,ENST00000512841,22,119475705,119475727
ENSG00000133835,ENST00000647335,22,119475705,119475727
ENSG00000133835,ENST00000647335,25,119492099,119492124
ENSG00000133835,ENST00000646554,22,119475705,119475727
ENSG00000133835,ENST00000646554,25,119492099,119492124
ENSG00000133835,ENST00000647342,22,119475705,119475727
ENSG00000133835,ENST00000647342,25,119492099,119492124
ENSG00000133835,ENST00000643250,22,119475705,119475727
ENSG00000133835,ENST00000643250,25,119492099,119492124
ENSG00000133835,ENST00000503168,22,119475705,119475727
ENSG00000133835,ENST00000646125,22,119475705,119475727
ENSG00000133835,ENST00000646125,25,119492099,119492124
ENSG00000133835,ENST00000645099,25,119492099,119492124
ENSG00000133835,ENST00000513628,25,119492099,119492124
ENSG00000133835,ENST00000645702,25,119492099,119492124
ENSG00000133835,ENST00000509514,25,119492099,119492124
ENSG00000133835,ENST00000646646,25,119492099,119492124
ENSG00000229855,ENST00000609647,30,121324040,121324070
ENSG00000229855,ENST00000433406,30,121324040,121324070
ENSG00000229855,ENST00000627271,30,121324040,121324070
ENSG00000250328,ENST00000510972,26,122451780,122451806
ENSG00000151292,ENST00000345990,24,123605338,123605362
ENSG00000151292,ENST00000511130,24,123605338,123605362
ENSG00000151292,ENST00000512718,24,123605338,123605362
ENSG00000151292,ENST00000521364,24,123605338,123605362
ENSG00000151292,ENST00000510842,24,123605338,123605362
ENSG00000151292,ENST00000360683,24,123605338,123605362
ENSG00000138829,ENST00000619499,9,128519316,128519325
ENSG00000158987,ENST00000507093,24,131450022,131450046
ENSG00000158987,ENST00000507093,15,131469800,131469815
ENSG00000158987,ENST00000296859,24,131450022,131450046
ENSG00000158987,ENST00000627212,24,131450022,131450046
ENSG00000158987,ENST00000512052,24,131450022,131450046
ENSG00000158987,ENST00000504919,15,131469800,131469815
ENSG00000158987,ENST00000514179,9,131511292,131511301
ENSG00000131437,ENST00000378735,9,132706450,132706459
ENSG00000131437,ENST00000618515,9,132706450,132706459
ENSG00000131437,ENST00000403231,9,132706450,132706459
ENSG00000164402,ENST00000620483,26,132764038,132764064
ENSG00000053108,ENST00000265342,27,133224189,133224216
ENSG00000053108,ENST00000509525,27,133224189,133224216
ENSG00000053108,ENST00000621681,27,133224189,133224216
ENSG00000081059,ENST00000517855,21,134146223,134146244
ENSG00000119048,ENST00000265339,26,134376668,134376694
ENSG00000119048,ENST00000506787,26,134376668,134376694
ENSG00000119048,ENST00000507277,26,134376668,134376694
ENSG00000164616,ENST00000472159,27,135934350,135934377
ENSG00000164616,ENST00000467490,27,135934350,135934377
ENSG00000120708,ENST00000442011,25,136062662,136062687
ENSG00000120708,ENST00000506699,25,136062662,136062687
ENSG00000120708,ENST00000507018,25,136062662,136062687
ENSG00000120708,ENST00000508076,25,136062662,136062687
ENSG00000120708,ENST00000504411,25,136062662,136062687
ENSG00000152377,ENST00000635347,9,137273375,137273384
ENSG00000112984,ENST00000508792,27,138181421,138181448
ENSG00000112984,ENST00000508792,9,138181502,138181511
ENSG00000120709,ENST00000506710,19,138336788,138336807
ENSG00000044115,ENST00000522052,29,138891182,138891211
ENSG00000280987,ENST00000509990,30,139276120,139276150
ENSG00000280987,ENST00000506147,30,139276120,139276150
ENSG00000280987,ENST00000512107,30,139276120,139276150
ENSG00000280987,ENST00000361059,30,139276120,139276150
ENSG00000280987,ENST00000514694,30,139276120,139276150
ENSG00000280987,ENST00000504203,30,139276120,139276150
ENSG00000280987,ENST00000502929,30,139276120,139276150
ENSG00000280987,ENST00000394800,30,139276120,139276150
ENSG00000280987,ENST00000509644,30,139276120,139276150
ENSG00000280987,ENST00000505016,30,139276120,139276150
ENSG00000281398,ENST00000448190,30,139276120,139276150
ENSG00000281398,ENST00000648842,30,139276120,139276150
ENSG00000281398,ENST00000507692,30,139276120,139276150
ENSG00000281398,ENST00000506188,30,139276120,139276150
ENSG00000281398,ENST00000513259,30,139276120,139276150
ENSG00000281398,ENST00000507197,30,139276120,139276150
ENSG00000281398,ENST00000508735,30,139276120,139276150
ENSG00000281398,ENST00000514110,30,139276120,139276150
ENSG00000281398,ENST00000505522,30,139276120,139276150
ENSG00000158458,ENST00000289422,24,139859888,139859912
ENSG00000158458,ENST00000358522,24,139859888,139859912
ENSG00000113068,ENST00000524074,3,140262528,140262531
ENSG00000113108,ENST00000358580,6,140561843,140561849
ENSG00000113108,ENST00000354402,6,140561843,140561849
ENSG00000113108,ENST00000357560,6,140561843,140561849
ENSG00000113141,ENST00000417647,19,140659314,140659333
ENSG00000113141,ENST00000610522,19,140659314,140659333
ENSG00000113141,ENST00000610522,12,140661619,140661631
ENSG00000113141,ENST00000515015,19,140659314,140659333
ENSG00000112855,ENST00000645065,18,140693490,140693508
ENSG00000112855,ENST00000646468,18,140693490,140693508
ENSG00000112855,ENST00000647484,18,140693490,140693508
ENSG00000131504,ENST00000389054,9,141571427,141571436
ENSG00000131504,ENST00000389054,27,141588223,141588250
ENSG00000131504,ENST00000647433,9,141571427,141571436
ENSG00000131504,ENST00000647433,27,141588223,141588250
ENSG00000131504,ENST00000253811,9,141550498,141550507
ENSG00000131504,ENST00000253811,27,141588223,141588250
ENSG00000131504,ENST00000398557,27,141588223,141588250
ENSG00000131504,ENST00000518047,9,141571427,141571436
ENSG00000131504,ENST00000523100,27,141588223,141588250
ENSG00000145819,ENST00000443674,30,143207443,143207473
ENSG00000133706,ENST00000618084,12,146164459,146164471
ENSG00000249553,ENST00000505921,15,146918373,146918388
ENSG00000133710,ENST00000521206,26,148065346,148065372
ENSG00000133710,ENST00000398454,26,148065346,148065372
ENSG00000133710,ENST00000359874,26,148065346,148065372
ENSG00000133710,ENST00000476697,26,148065346,148065372
ENSG00000133710,ENST00000508733,26,148065346,148065372
ENSG00000133710,ENST00000256084,26,148065346,148065372
ENSG00000178172,ENST00000514389,23,148206035,148206058
ENSG00000178172,ENST00000621437,23,148206035,148206058
ENSG00000178172,ENST00000325630,23,148206035,148206058
ENSG00000145879,ENST00000274565,26,148313373,148313399
ENSG00000145879,ENST00000504037,26,148313373,148313399
ENSG00000283653,ENST00000636510,19,148364012,148364031
ENSG00000173210,ENST00000326685,30,149249814,149249844
ENSG00000173210,ENST00000326685,8,149252200,149252208
ENSG00000173210,ENST00000309868,30,149239247,149239277
ENSG00000173210,ENST00000309868,30,149249814,149249844
ENSG00000173210,ENST00000309868,8,149252200,149252208
ENSG00000173210,ENST00000506113,30,149239247,149239277
ENSG00000173210,ENST00000506113,30,149249814,149249844
ENSG00000173210,ENST00000506113,8,149252200,149252208
ENSG00000173210,ENST00000515171,30,149249814,149249844
ENSG00000173210,ENST00000515171,8,149252200,149252208
ENSG00000173210,ENST00000504238,30,149249814,149249844
ENSG00000173210,ENST00000504238,8,149252200,149252208
ENSG00000173210,ENST00000508983,30,149239247,149239277
ENSG00000173210,ENST00000508983,30,149249814,149249844
ENSG00000173210,ENST00000508983,8,149252200,149252208
ENSG00000173210,ENST00000514212,30,149239247,149239277
ENSG00000173210,ENST00000519549,30,149239247,149239277
ENSG00000173210,ENST00000517451,30,149249814,149249844
ENSG00000173210,ENST00000517451,8,149252200,149252208
ENSG00000173210,ENST00000356541,30,149249814,149249844
ENSG00000086589,ENST00000199814,30,150699241,150699271
ENSG00000086589,ENST00000447771,16,150699255,150699271
ENSG00000086589,ENST00000522469,30,150699241,150699271
ENSG00000086589,ENST00000518917,30,150699241,150699271
ENSG00000086589,ENST00000521248,30,150699241,150699271
ENSG00000086589,ENST00000521594,30,150699241,150699271
ENSG00000086589,ENST00000521464,30,150699241,150699271
ENSG00000132912,ENST00000446090,21,150731885,150731906
ENSG00000132912,ENST00000627368,21,150731885,150731906
ENSG00000132912,ENST00000518015,28,150757920,150757948
ENSG00000132912,ENST00000521093,28,150757920,150757948
ENSG00000211445,ENST00000622181,22,151025471,151025493
ENSG00000211445,ENST00000521650,27,151020827,151020854
ENSG00000145901,ENST00000517504,27,151035040,151035067
ENSG00000145901,ENST00000521423,30,151045920,151045950
ENSG00000197043,ENST00000354546,18,151110626,151110644
ENSG00000197043,ENST00000523714,18,151110626,151110644
ENSG00000197043,ENST00000377751,18,151110626,151110644
ENSG00000197043,ENST00000521512,20,151138771,151138791
ENSG00000123643,ENST00000429484,26,151469245,151469271
ENSG00000145907,ENST00000507878,30,151787764,151787794
ENSG00000249484,ENST00000584829,14,152967092,152967106
ENSG00000113249,ENST00000517644,17,157032853,157032870
ENSG00000113327,ENST00000638660,24,162151729,162151753
ENSG00000113327,ENST00000639111,24,162151729,162151753
ENSG00000113327,ENST00000639683,24,162151729,162151753
ENSG00000113327,ENST00000640985,24,162151729,162151753
ENSG00000113327,ENST00000639424,24,162151729,162151753
ENSG00000113327,ENST00000414552,24,162151729,162151753
ENSG00000113327,ENST00000640910,24,162151729,162151753
ENSG00000113327,ENST00000356592,24,162151729,162151753
ENSG00000113327,ENST00000638877,24,162151729,162151753
ENSG00000113327,ENST00000638253,24,162151729,162151753
ENSG00000113328,ENST00000511490,11,163437793,163437804
ENSG00000145934,ENST00000518659,21,168211733,168211754
ENSG00000145934,ENST00000519204,21,168211733,168211754
ENSG00000043462,ENST00000046794,13,170258865,170258878
ENSG00000043462,ENST00000046794,20,170262841,170262861
ENSG00000043462,ENST00000046794,26,170262966,170262992
ENSG00000043462,ENST00000628092,20,170262841,170262861
ENSG00000043462,ENST00000628092,26,170262966,170262992
ENSG00000043462,ENST00000521416,13,170258865,170258878
ENSG00000043462,ENST00000521416,20,170262841,170262861
ENSG00000043462,ENST00000521416,26,170262966,170262992
ENSG00000043462,ENST00000520344,13,170258865,170258878
ENSG00000043462,ENST00000520344,20,170262841,170262861
ENSG00000043462,ENST00000520344,26,170262966,170262992
ENSG00000174705,ENST00000636523,26,172373789,172373815
ENSG00000174705,ENST00000519643,26,172373789,172373815
ENSG00000174705,ENST00000311601,26,172373789,172373815
ENSG00000113742,ENST00000265085,24,173943025,173943049
ENSG00000113742,ENST00000334035,24,173943025,173943049
ENSG00000113742,ENST00000519467,24,173943025,173943049
ENSG00000182230,ENST00000510151,25,176090369,176090394
ENSG00000182230,ENST00000510151,25,176093743,176093768
ENSG00000182230,ENST00000510151,25,176097354,176097379
ENSG00000182230,ENST00000510151,25,176099020,176099045
ENSG00000182230,ENST00000510151,25,176103755,176103780
ENSG00000182230,ENST00000512862,25,176090369,176090394
ENSG00000182230,ENST00000512862,25,176103755,176103780
ENSG00000182230,ENST00000611539,25,176090369,176090394
ENSG00000182230,ENST00000611539,25,176103755,176103780
ENSG00000182230,ENST00000515817,25,176090369,176090394
ENSG00000182230,ENST00000515817,25,176093743,176093768
ENSG00000182230,ENST00000515817,25,176097354,176097379
ENSG00000182230,ENST00000515817,25,176099020,176099045
ENSG00000182230,ENST00000515817,25,176103755,176103780
ENSG00000182230,ENST00000393522,25,176090369,176090394
ENSG00000182230,ENST00000393522,25,176093743,176093768
ENSG00000182230,ENST00000393522,25,176097354,176097379
ENSG00000182230,ENST00000393522,25,176099020,176099045
ENSG00000182230,ENST00000393522,25,176103755,176103780
ENSG00000182230,ENST00000503724,25,176093743,176093768
ENSG00000182230,ENST00000503724,25,176097354,176097379
ENSG00000182230,ENST00000503724,25,176099020,176099045
ENSG00000182230,ENST00000503533,25,176090369,176090394
ENSG00000182230,ENST00000503533,25,176093743,176093768
ENSG00000182230,ENST00000503533,25,176097354,176097379
ENSG00000182230,ENST00000253490,25,176090369,176090394
ENSG00000182230,ENST00000253490,25,176093743,176093768
ENSG00000182230,ENST00000253490,25,176097354,176097379
ENSG00000182230,ENST00000253490,25,176099020,176099045
ENSG00000182230,ENST00000253490,25,176103755,176103780
ENSG00000285476,ENST00000508296,25,176090369,176090394
ENSG00000285476,ENST00000508296,25,176093743,176093768
ENSG00000285476,ENST00000508296,25,176097354,176097379
ENSG00000285476,ENST00000508296,25,176099020,176099045
ENSG00000285476,ENST00000508296,25,176103755,176103780
ENSG00000248596,ENST00000515403,28,176147538,176147566
ENSG00000248596,ENST00000515403,25,176180323,176180348
ENSG00000283559,ENST00000513919,28,176147538,176147566
ENSG00000283559,ENST00000637171,28,176147538,176147566
ENSG00000283235,ENST00000508056,25,176180323,176180348
ENSG00000048140,ENST00000515708,30,176656894,176656924
ENSG00000213347,ENST00000427908,30,177310667,177310697
ENSG00000213347,ENST00000423571,30,177310667,177310697
ENSG00000213347,ENST00000439742,30,177310667,177310697
ENSG00000213347,ENST00000513063,30,177310667,177310697
ENSG00000213347,ENST00000513169,30,177310667,177310697
ENSG00000169220,ENST00000408923,22,177365962,177365984
ENSG00000196923,ENST00000493815,17,177491403,177491420
ENSG00000196923,ENST00000359895,17,177491403,177491420
ENSG00000196923,ENST00000503827,17,177491403,177491420
ENSG00000170074,ENST00000360669,25,177734379,177734404
ENSG00000170074,ENST00000360669,25,177739112,177739137
ENSG00000170074,ENST00000360669,25,177740776,177740801
ENSG00000170074,ENST00000360669,25,177744393,177744418
ENSG00000170074,ENST00000360669,25,177747768,177747793
ENSG00000170074,ENST00000510276,25,177734379,177734404
ENSG00000170074,ENST00000510276,25,177739112,177739137
ENSG00000170074,ENST00000510276,25,177740776,177740801
ENSG00000170074,ENST00000510276,25,177744393,177744418
ENSG00000170074,ENST00000510276,25,177747768,177747793
ENSG00000170074,ENST00000440605,25,177734379,177734404
ENSG00000170074,ENST00000440605,25,177739112,177739137
ENSG00000170074,ENST00000440605,25,177740776,177740801
ENSG00000170074,ENST00000440605,25,177744393,177744418
ENSG00000170074,ENST00000440605,25,177747768,177747793
ENSG00000170074,ENST00000614127,25,177734379,177734404
ENSG00000170074,ENST00000614127,25,177739112,177739137
ENSG00000170074,ENST00000614127,25,177740776,177740801
ENSG00000170074,ENST00000614127,25,177744393,177744418
ENSG00000170074,ENST00000614127,25,177747768,177747793
ENSG00000170074,ENST00000513554,25,177734379,177734404
ENSG00000170074,ENST00000513554,25,177747768,177747793
ENSG00000170074,ENST00000393518,25,177734379,177734404
ENSG00000170074,ENST00000393518,25,177747768,177747793
ENSG00000170074,ENST00000505531,25,177744393,177744418
ENSG00000170074,ENST00000505531,25,177747768,177747793
ENSG00000170074,ENST00000512612,25,177734379,177734404
ENSG00000170074,ENST00000512612,25,177740776,177740801
ENSG00000170074,ENST00000512612,25,177744393,177744418
ENSG00000170074,ENST00000515787,25,177739112,177739137
ENSG00000170074,ENST00000515787,25,177740776,177740801
ENSG00000170074,ENST00000515787,25,177744393,177744418
ENSG00000170074,ENST00000503845,25,177740776,177740801
ENSG00000170074,ENST00000503845,25,177744393,177744418
ENSG00000170074,ENST00000503845,25,177747768,177747793
ENSG00000170074,ENST00000504518,25,177740776,177740801
ENSG00000170074,ENST00000504518,25,177744393,177744418
ENSG00000170074,ENST00000504518,25,177747768,177747793
ENSG00000170074,ENST00000505683,25,177740776,177740801
ENSG00000170074,ENST00000505683,25,177744393,177744418
ENSG00000170074,ENST00000505683,25,177747768,177747793
ENSG00000170074,ENST00000503909,25,177744393,177744418
ENSG00000170074,ENST00000503909,25,177747768,177747793
ENSG00000204677,ENST00000504530,25,178036011,178036036
ENSG00000204677,ENST00000507848,25,178036011,178036036
ENSG00000204677,ENST00000507848,25,178039386,178039411
ENSG00000204677,ENST00000398106,25,178036011,178036036
ENSG00000204677,ENST00000398106,25,178039386,178039411
ENSG00000204677,ENST00000620373,25,178036011,178036036
ENSG00000204677,ENST00000620373,25,178039386,178039411
ENSG00000204677,ENST00000511856,25,178036011,178036036
ENSG00000204677,ENST00000511856,25,178039386,178039411
ENSG00000204677,ENST00000511189,25,178036011,178036036
ENSG00000204677,ENST00000511189,25,178039386,178039411
ENSG00000175309,ENST00000493197,23,178229697,178229720
ENSG00000050767,ENST00000390654,27,178245941,178245968
ENSG00000050767,ENST00000390654,27,178247525,178247552
ENSG00000050767,ENST00000390654,27,178259720,178259747
ENSG00000050767,ENST00000390654,27,178261721,178261748
ENSG00000050767,ENST00000390654,27,178267306,178267333
ENSG00000050767,ENST00000390654,27,178268729,178268756
ENSG00000050767,ENST00000390654,27,178270336,178270363
ENSG00000050767,ENST00000390654,27,178288323,178288350
ENSG00000050767,ENST00000390654,8,178290361,178290369
ENSG00000050767,ENST00000407622,27,178245941,178245968
ENSG00000050767,ENST00000407622,27,178247525,178247552
ENSG00000050767,ENST00000407622,27,178259720,178259747
ENSG00000050767,ENST00000407622,27,178261721,178261748
ENSG00000050767,ENST00000407622,27,178267306,178267333
ENSG00000050767,ENST00000407622,27,178268729,178268756
ENSG00000113240,ENST00000611733,5,178603929,178603934
ENSG00000113240,ENST00000611575,7,178612538,178612545
ENSG00000250420,ENST00000521412,30,178786905,178786935
ENSG00000244945,ENST00000500262,26,179600072,179600098
ENSG00000169045,ENST00000519455,27,179621370,179621397
ENSG00000161011,ENST00000508284,28,179823025,179823053
ENSG00000197226,ENST00000524222,13,179865253,179865266
ENSG00000113303,ENST00000231229,21,180948354,180948375
ENSG00000113303,ENST00000231229,27,180948919,180948946
ENSG00000113303,ENST00000231229,27,180949238,180949265
ENSG00000113303,ENST00000340184,21,180948354,180948375
ENSG00000113303,ENST00000340184,27,180948919,180948946
ENSG00000113303,ENST00000340184,27,180949238,180949265
ENSG00000113303,ENST00000400707,21,180948354,180948375
ENSG00000113303,ENST00000400707,27,180948919,180948946
ENSG00000113303,ENST00000400707,27,180949238,180949265
ENSG00000113303,ENST00000508408,27,180948919,180948946
ENSG00000113303,ENST00000508408,27,180949238,180949265
ENSG00000113303,ENST00000511704,21,180948354,180948375
ENSG00000113303,ENST00000511704,27,180948919,180948946
ENSG00000113303,ENST00000511704,27,180949238,180949265
ENSG00000113303,ENST00000610640,21,180948354,180948375
ENSG00000113303,ENST00000610640,27,180948919,180948946
ENSG00000113303,ENST00000610640,27,180949238,180949265
ENSG00000113303,ENST00000505126,21,180948354,180948375
ENSG00000113303,ENST00000505126,27,180948919,180948946
ENSG00000113303,ENST00000505126,27,180949238,180949265
ENSG00000113303,ENST00000533815,21,180948354,180948375
ENSG00000113303,ENST00000533815,27,180948919,180948946
ENSG00000113303,ENST00000533815,27,180949238,180949265
ENSG00000113303,ENST00000503543,21,180948354,180948375
ENSG00000113303,ENST00000503543,27,180948919,180948946
ENSG00000168903,ENST00000342868,21,181003855,181003876
ENSG00000168903,ENST00000342868,27,181004416,181004443
ENSG00000168903,ENST00000342868,27,181004735,181004762
ENSG00000165810,ENST00000376841,21,181054238,181054259
ENSG00000165810,ENST00000376841,21,181055432,181055453
ENSG00000165810,ENST00000376841,27,181055988,181056015
ENSG00000165810,ENST00000327705,21,181054238,181054259
ENSG00000165810,ENST00000327705,21,181055432,181055453
ENSG00000165810,ENST00000327705,27,181055988,181056015
ENSG00000165810,ENST00000327705,27,181058351,181058378
ENSG00000165810,ENST00000506782,21,181054238,181054259
ENSG00000165810,ENST00000512570,27,181058351,181058378
ENSG00000146054,ENST00000274773,23,181199094,181199117
ENSG00000146054,ENST00000393315,23,181199094,181199117
ENSG00000146054,ENST00000393319,23,181199094,181199117
ENSG00000146054,ENST00000422067,23,181199094,181199117
ENSG00000146063,ENST00000515499,23,181233412,181233435
ENSG00000146063,ENST00000351937,23,181233412,181233435
ENSG00000146063,ENST00000315073,23,181233412,181233435
ENSG00000137266,ENST00000436008,24,3284935,3284959
ENSG00000145975,ENST00000274673,14,4074442,4074456
ENSG00000145975,ENST00000639338,14,4074442,4074456
ENSG00000145975,ENST00000498677,14,4074442,4074456
ENSG00000145975,ENST00000492651,14,4074442,4074456
ENSG00000124783,ENST00000474597,15,7295087,7295102
ENSG00000124783,ENST00000397511,15,7295087,7295102
ENSG00000168566,ENST00000634363,8,7599672,7599680
ENSG00000181355,ENST00000492169,21,9819403,9819424
ENSG00000181355,ENST00000466385,12,9921908,9921920
ENSG00000272162,ENST00000480294,25,10898823,10898848
ENSG00000153157,ENST00000341041,25,10898823,10898848
ENSG00000153157,ENST00000283141,25,10898823,10898848
ENSG00000153157,ENST00000543878,25,10898823,10898848
ENSG00000153157,ENST00000487561,25,10898823,10898848
ENSG00000010017,ENST00000011619,23,13652658,13652681
ENSG00000047579,ENST00000344537,23,15593058,15593081
ENSG00000047579,ENST00000510395,23,15593058,15593081
ENSG00000047579,ENST00000622898,23,15593058,15593081
ENSG00000047579,ENST00000355917,23,15593058,15593081
ENSG00000047579,ENST00000515875,23,15593058,15593081
ENSG00000047579,ENST00000513680,23,15593058,15593081
ENSG00000047579,ENST00000338950,23,15593058,15593081
ENSG00000047579,ENST00000506844,23,15593058,15593081
ENSG00000047579,ENST00000511762,23,15593058,15593081
ENSG00000112186,ENST00000611958,10,17507640,17507650
ENSG00000137177,ENST00000378814,13,17898167,17898180
ENSG00000137177,ENST00000259711,13,17898167,17898180
ENSG00000137177,ENST00000378843,13,17898167,17898180
ENSG00000137177,ENST00000378826,13,17898167,17898180
ENSG00000137177,ENST00000636847,13,17898167,17898180
ENSG00000137177,ENST00000505588,13,17898167,17898180
ENSG00000112242,ENST00000613242,6,20402374,20402380
ENSG00000112293,ENST00000230036,27,24433362,24433389
ENSG00000112293,ENST00000230036,28,24466911,24466939
ENSG00000112293,ENST00000474784,28,24466911,24466939
ENSG00000111913,ENST00000644685,24,24870865,24870889
ENSG00000111913,ENST00000613507,24,24870865,24870889
ENSG00000111913,ENST00000259698,24,24870865,24870889
ENSG00000111913,ENST00000538035,24,24870865,24870889
ENSG00000111913,ENST00000643898,24,24870865,24870889
ENSG00000111913,ENST00000378023,24,24870865,24870889
ENSG00000111913,ENST00000510784,24,24870865,24870889
ENSG00000111913,ENST00000540914,24,24870865,24870889
ENSG00000111913,ENST00000643623,24,24870865,24870889
ENSG00000111913,ENST00000644621,24,24870865,24870889
ENSG00000111913,ENST00000645100,24,24870865,24870889
ENSG00000111913,ENST00000647136,24,24870865,24870889
ENSG00000111913,ENST00000644411,24,24870865,24870889
ENSG00000079691,ENST00000635618,12,25507478,25507490
ENSG00000079691,ENST00000635618,18,25576975,25576993
ENSG00000079691,ENST00000635618,25,25612376,25612401
ENSG00000112343,ENST00000357085,23,25973053,25973076
ENSG00000186470,ENST00000508906,21,26373275,26373296
ENSG00000186470,ENST00000508906,27,26373386,26373413
ENSG00000186470,ENST00000508906,28,26374770,26374798
ENSG00000186470,ENST00000396934,21,26373275,26373296
ENSG00000186470,ENST00000396934,27,26373386,26373413
ENSG00000186470,ENST00000396934,28,26374770,26374798
ENSG00000186470,ENST00000524682,21,26373275,26373296
ENSG00000186470,ENST00000524682,27,26373386,26373413
ENSG00000186470,ENST00000527422,21,26373275,26373296
ENSG00000186470,ENST00000527422,27,26373386,26373413
ENSG00000186470,ENST00000527422,28,26374770,26374798
ENSG00000186470,ENST00000356386,21,26373275,26373296
ENSG00000186470,ENST00000356386,27,26373386,26373413
ENSG00000186470,ENST00000356386,28,26374770,26374798
ENSG00000186470,ENST00000377708,21,26373275,26373296
ENSG00000186470,ENST00000377708,27,26373386,26373413
ENSG00000186470,ENST00000377708,28,26374770,26374798
ENSG00000186470,ENST00000396948,21,26373275,26373296
ENSG00000186470,ENST00000396948,27,26373386,26373413
ENSG00000186470,ENST00000396948,28,26374770,26374798
ENSG00000186470,ENST00000527639,21,26373275,26373296
ENSG00000124508,ENST00000469230,21,26390686,26390707
ENSG00000124508,ENST00000469230,27,26390802,26390829
ENSG00000124508,ENST00000490025,21,26390686,26390707
ENSG00000124508,ENST00000490025,27,26390802,26390829
ENSG00000124508,ENST00000356709,21,26390686,26390707
ENSG00000124508,ENST00000356709,27,26390802,26390829
ENSG00000124508,ENST00000352867,21,26390686,26390707
ENSG00000124508,ENST00000352867,27,26390802,26390829
ENSG00000124508,ENST00000482536,21,26390686,26390707
ENSG00000124508,ENST00000482536,27,26390802,26390829
ENSG00000124508,ENST00000432533,21,26390686,26390707
ENSG00000124508,ENST00000432533,27,26390802,26390829
ENSG00000124508,ENST00000416795,21,26390686,26390707
ENSG00000124508,ENST00000416795,27,26390802,26390829
ENSG00000124508,ENST00000495632,21,26390686,26390707
ENSG00000026950,ENST00000476549,21,26409893,26409914
ENSG00000026950,ENST00000476549,27,26410005,26410032
ENSG00000026950,ENST00000476549,27,26411108,26411135
ENSG00000026950,ENST00000476549,27,26411554,26411581
ENSG00000026950,ENST00000289361,21,26409893,26409914
ENSG00000026950,ENST00000289361,27,26410005,26410032
ENSG00000026950,ENST00000289361,27,26411108,26411135
ENSG00000026950,ENST00000289361,27,26411554,26411581
ENSG00000026950,ENST00000425234,21,26409893,26409914
ENSG00000026950,ENST00000425234,27,26410005,26410032
ENSG00000026950,ENST00000425234,27,26411108,26411135
ENSG00000026950,ENST00000425234,27,26411554,26411581
ENSG00000026950,ENST00000414912,21,26409893,26409914
ENSG00000026950,ENST00000414912,27,26410005,26410032
ENSG00000026950,ENST00000414912,27,26411108,26411135
ENSG00000026950,ENST00000414912,27,26411554,26411581
ENSG00000026950,ENST00000082468,27,26411108,26411135
ENSG00000026950,ENST00000082468,27,26411554,26411581
ENSG00000026950,ENST00000513047,27,26411108,26411135
ENSG00000026950,ENST00000513047,27,26411554,26411581
ENSG00000026950,ENST00000502361,27,26411108,26411135
ENSG00000124549,ENST00000377662,27,26428758,26428785
ENSG00000111801,ENST00000244519,21,26448616,26448637
ENSG00000111801,ENST00000244519,27,26448727,26448754
ENSG00000111801,ENST00000244519,27,26449661,26449688
ENSG00000111801,ENST00000244519,27,26450106,26450133
ENSG00000111801,ENST00000361232,19,26443640,26443659
ENSG00000111801,ENST00000361232,27,26448727,26448754
ENSG00000111801,ENST00000361232,27,26449661,26449688
ENSG00000111801,ENST00000361232,27,26450106,26450133
ENSG00000111801,ENST00000480110,27,26449661,26449688
ENSG00000111801,ENST00000480110,27,26450106,26450133
ENSG00000111801,ENST00000490254,27,26448727,26448754
ENSG00000111801,ENST00000490254,27,26449661,26449688
ENSG00000111801,ENST00000490254,27,26450106,26450133
ENSG00000111801,ENST00000483179,21,26448616,26448637
ENSG00000111801,ENST00000483179,27,26448727,26448754
ENSG00000111801,ENST00000483179,27,26449661,26449688
ENSG00000111801,ENST00000483179,27,26450106,26450133
ENSG00000111801,ENST00000497681,27,26450106,26450133
ENSG00000112763,ENST00000541522,21,26465952,26465973
ENSG00000112763,ENST00000541522,27,26466061,26466088
ENSG00000112763,ENST00000377600,21,26465952,26465973
ENSG00000112763,ENST00000377600,27,26466061,26466088
ENSG00000112763,ENST00000312541,21,26465952,26465973
ENSG00000112763,ENST00000312541,27,26466061,26466088
ENSG00000112763,ENST00000429381,21,26465952,26465973
ENSG00000112763,ENST00000429381,27,26466061,26466088
ENSG00000112763,ENST00000469185,21,26465952,26465973
ENSG00000112763,ENST00000469185,27,26466061,26466088
ENSG00000112763,ENST00000480218,21,26465952,26465973
ENSG00000112763,ENST00000480218,27,26466061,26466088
ENSG00000124557,ENST00000244513,21,26507949,26507970
ENSG00000124557,ENST00000244513,27,26508060,26508087
ENSG00000124557,ENST00000613186,21,26507949,26507970
ENSG00000124557,ENST00000613186,27,26508060,26508087
ENSG00000198704,ENST00000612264,22,28510750,28510772
ENSG00000204713,ENST00000414543,27,28907235,28907262
ENSG00000204713,ENST00000481474,23,28911695,28911718
ENSG00000204713,ENST00000377194,27,28907235,28907262
ENSG00000204713,ENST00000377194,23,28911695,28911718
ENSG00000204713,ENST00000377199,27,28907235,28907262
ENSG00000204713,ENST00000377199,23,28911695,28911718
ENSG00000204681,ENST00000377016,21,29629086,29629107
ENSG00000204681,ENST00000491829,21,29629086,29629107
ENSG00000204681,ENST00000377034,21,29629086,29629107
ENSG00000204681,ENST00000494877,21,29629086,29629107
ENSG00000204681,ENST00000376977,21,29629086,29629107
ENSG00000204655,ENST00000376917,21,29667642,29667663
ENSG00000204655,ENST00000376917,21,29667903,29667924
ENSG00000204655,ENST00000376917,21,29670700,29670721
ENSG00000204655,ENST00000376888,21,29667642,29667663
ENSG00000204655,ENST00000376888,21,29667903,29667924
ENSG00000204655,ENST00000376888,21,29670700,29670721
ENSG00000204655,ENST00000376894,21,29667642,29667663
ENSG00000204655,ENST00000376894,21,29667903,29667924
ENSG00000204655,ENST00000396704,21,29667642,29667663
ENSG00000204655,ENST00000396704,21,29667903,29667924
ENSG00000204655,ENST00000396704,21,29670700,29670721
ENSG00000204655,ENST00000483013,21,29667642,29667663
ENSG00000204655,ENST00000483013,21,29667903,29667924
ENSG00000204655,ENST00000483013,21,29670700,29670721
ENSG00000204655,ENST00000490427,21,29667642,29667663
ENSG00000204655,ENST00000490427,21,29667903,29667924
ENSG00000204655,ENST00000490427,21,29670700,29670721
ENSG00000204655,ENST00000416766,21,29667642,29667663
ENSG00000204655,ENST00000416766,21,29667903,29667924
ENSG00000204655,ENST00000416766,21,29670700,29670721
ENSG00000204655,ENST00000376891,21,29667642,29667663
ENSG00000204655,ENST00000376891,21,29667903,29667924
ENSG00000204655,ENST00000376898,21,29667642,29667663
ENSG00000204655,ENST00000376898,21,29667903,29667924
ENSG00000204655,ENST00000376898,21,29670700,29670721
ENSG00000204655,ENST00000396701,21,29667642,29667663
ENSG00000204655,ENST00000396701,21,29667903,29667924
ENSG00000204655,ENST00000396701,21,29670700,29670721
ENSG00000204655,ENST00000494692,21,29667642,29667663
ENSG00000204655,ENST00000494692,21,29667903,29667924
ENSG00000204655,ENST00000494692,21,29670700,29670721
ENSG00000204655,ENST00000431798,21,29667642,29667663
ENSG00000204655,ENST00000431798,21,29667903,29667924
ENSG00000204655,ENST00000431798,21,29670700,29670721
ENSG00000204655,ENST00000485211,21,29667642,29667663
ENSG00000204655,ENST00000485211,21,29667903,29667924
ENSG00000204655,ENST00000485211,21,29670700,29670721
ENSG00000204655,ENST00000376889,21,29667642,29667663
ENSG00000204655,ENST00000376889,21,29667903,29667924
ENSG00000204655,ENST00000376889,21,29670700,29670721
ENSG00000206503,ENST00000495183,29,29945062,29945091
ENSG00000204618,ENST00000376751,23,30073455,30073478
ENSG00000204618,ENST00000244360,23,30073455,30073478
ENSG00000204616,ENST00000376734,23,30109025,30109048
ENSG00000204616,ENST00000485864,23,30109025,30109048
ENSG00000204614,ENST00000396581,23,30147519,30147542
ENSG00000204614,ENST00000376724,23,30147519,30147542
ENSG00000204614,ENST00000307859,23,30147519,30147542
ENSG00000204613,ENST00000449742,23,30157368,30157391
ENSG00000204613,ENST00000376704,23,30157368,30157391
ENSG00000204610,ENST00000619857,9,30169240,30169249
ENSG00000204610,ENST00000619857,14,30169838,30169852
ENSG00000204610,ENST00000376694,23,30169240,30169263
ENSG00000204610,ENST00000433744,23,30169240,30169263
ENSG00000234127,ENST00000437089,23,30190012,30190035
ENSG00000234127,ENST00000454678,23,30190012,30190035
ENSG00000234127,ENST00000453195,23,30190012,30190035
ENSG00000204599,ENST00000396551,23,30339907,30339930
ENSG00000204599,ENST00000376656,23,30339907,30339930
ENSG00000204599,ENST00000396548,23,30339907,30339930
ENSG00000204599,ENST00000376659,23,30339907,30339930
ENSG00000204599,ENST00000396547,23,30339907,30339930
ENSG00000204599,ENST00000420746,23,30339907,30339930
ENSG00000248167,ENST00000623385,23,30339907,30339930
ENSG00000137337,ENST00000613547,20,30713802,30713822
ENSG00000168631,ENST00000636043,15,30941066,30941081
ENSG00000204540,ENST00000259881,30,31138429,31138459
ENSG00000234745,ENST00000639848,29,31354632,31354661
ENSG00000213760,ENST00000376151,23,31546186,31546209
ENSG00000204482,ENST00000418507,23,31587943,31587966
ENSG00000204482,ENST00000438075,23,31587943,31587966
ENSG00000204482,ENST00000376110,23,31587943,31587966
ENSG00000204482,ENST00000376089,23,31587943,31587966
ENSG00000204482,ENST00000396112,23,31587943,31587966
ENSG00000204482,ENST00000376086,23,31587943,31587966
ENSG00000204482,ENST00000376093,23,31587943,31587966
ENSG00000204482,ENST00000490742,18,31587948,31587966
ENSG00000204482,ENST00000464044,18,31587948,31587966
ENSG00000204463,ENST00000439687,15,31643100,31643115
ENSG00000204410,ENST00000425703,27,31740193,31740220
ENSG00000244255,ENST00000477310,9,31945177,31945186
ENSG00000224389,ENST00000647698,24,32032223,32032247
ENSG00000221988,ENST00000424499,16,32155767,32155783
ENSG00000221988,ENST00000493548,16,32155767,32155783
ENSG00000204308,ENST00000375094,19,32179540,32179559
ENSG00000204308,ENST00000487940,19,32179540,32179559
ENSG00000204305,ENST00000473619,27,32181605,32181632
ENSG00000204305,ENST00000375067,27,32181605,32181632
ENSG00000204305,ENST00000484849,27,32181605,32181632
ENSG00000204305,ENST00000375076,27,32181605,32181632
ENSG00000204305,ENST00000375069,27,32181605,32181632
ENSG00000204305,ENST00000375065,27,32181605,32181632
ENSG00000204305,ENST00000375065,30,32183957,32183987
ENSG00000204296,ENST00000442822,15,32299921,32299936
ENSG00000204296,ENST00000442822,21,32300679,32300700
ENSG00000204296,ENST00000442822,21,32302608,32302629
ENSG00000204296,ENST00000442822,21,32315771,32315792
ENSG00000204296,ENST00000442822,21,32316393,32316414
ENSG00000204296,ENST00000442822,21,32322485,32322506
ENSG00000204296,ENST00000442822,21,32323116,32323137
ENSG00000204296,ENST00000442822,24,32323590,32323614
ENSG00000204296,ENST00000442822,21,32330588,32330609
ENSG00000204296,ENST00000442822,21,32332033,32332054
ENSG00000204296,ENST00000442822,21,32335436,32335457
ENSG00000204296,ENST00000442822,21,32335911,32335932
ENSG00000204296,ENST00000442822,21,32336614,32336635
ENSG00000204296,ENST00000442822,21,32338978,32338999
ENSG00000204296,ENST00000442822,21,32343237,32343258
ENSG00000204296,ENST00000442822,21,32349739,32349760
ENSG00000204296,ENST00000442822,21,32355123,32355144
ENSG00000204296,ENST00000442822,21,32355648,32355669
ENSG00000204296,ENST00000442822,30,32366272,32366302
ENSG00000204296,ENST00000447241,15,32299921,32299936
ENSG00000204296,ENST00000447241,21,32300679,32300700
ENSG00000204296,ENST00000447241,21,32302608,32302629
ENSG00000204296,ENST00000447241,21,32322485,32322506
ENSG00000204296,ENST00000447241,21,32323116,32323137
ENSG00000204296,ENST00000447241,24,32323590,32323614
ENSG00000204296,ENST00000447241,21,32330588,32330609
ENSG00000204296,ENST00000447241,21,32332033,32332054
ENSG00000204296,ENST00000447241,21,32335436,32335457
ENSG00000204296,ENST00000447241,21,32335911,32335932
ENSG00000204296,ENST00000447241,21,32336614,32336635
ENSG00000204296,ENST00000447241,21,32338978,32338999
ENSG00000204296,ENST00000447241,21,32355123,32355144
ENSG00000204296,ENST00000447241,21,32355648,32355669
ENSG00000204296,ENST00000447241,21,32366166,32366187
ENSG00000204296,ENST00000447241,30,32366272,32366302
ENSG00000204296,ENST00000375015,15,32299921,32299936
ENSG00000204296,ENST00000375015,21,32300679,32300700
ENSG00000204296,ENST00000375015,21,32302608,32302629
ENSG00000204296,ENST00000375015,21,32316393,32316414
ENSG00000204296,ENST00000375015,21,32322485,32322506
ENSG00000204296,ENST00000375015,21,32323116,32323137
ENSG00000204296,ENST00000375015,24,32323590,32323614
ENSG00000204296,ENST00000375015,24,32324655,32324679
ENSG00000204296,ENST00000375015,21,32330588,32330609
ENSG00000204296,ENST00000375015,21,32332033,32332054
ENSG00000204296,ENST00000375015,21,32335436,32335457
ENSG00000204296,ENST00000375015,21,32335911,32335932
ENSG00000204296,ENST00000375015,21,32336614,32336635
ENSG00000204296,ENST00000375015,21,32338978,32338999
ENSG00000204296,ENST00000375015,21,32343237,32343258
ENSG00000204296,ENST00000375015,21,32349739,32349760
ENSG00000204296,ENST00000375015,21,32355123,32355144
ENSG00000204296,ENST00000375015,21,32355648,32355669
ENSG00000204296,ENST00000375015,21,32366166,32366187
ENSG00000204296,ENST00000375015,30,32366272,32366302
ENSG00000204296,ENST00000533191,15,32299921,32299936
ENSG00000204296,ENST00000533191,21,32300679,32300700
ENSG00000204296,ENST00000533191,21,32302608,32302629
ENSG00000204296,ENST00000533191,21,32315771,32315792
ENSG00000204296,ENST00000533191,21,32316393,32316414
ENSG00000204296,ENST00000533191,21,32322485,32322506
ENSG00000204296,ENST00000533191,21,32323116,32323137
ENSG00000204296,ENST00000533191,24,32323590,32323614
ENSG00000204296,ENST00000533191,21,32330588,32330609
ENSG00000204296,ENST00000533191,21,32332033,32332054
ENSG00000204296,ENST00000533191,21,32335436,32335457
ENSG00000204296,ENST00000533191,21,32335911,32335932
ENSG00000204296,ENST00000533191,21,32336614,32336635
ENSG00000204296,ENST00000533191,21,32338978,32338999
ENSG00000204296,ENST00000533191,21,32343237,32343258
ENSG00000204296,ENST00000533191,21,32349739,32349760
ENSG00000204296,ENST00000533191,21,32355123,32355144
ENSG00000204296,ENST00000533191,21,32355648,32355669
ENSG00000204296,ENST00000533191,21,32366166,32366187
ENSG00000204296,ENST00000533191,30,32366272,32366302
ENSG00000204296,ENST00000612031,15,32299921,32299936
ENSG00000204296,ENST00000612031,21,32300679,32300700
ENSG00000204296,ENST00000612031,21,32302608,32302629
ENSG00000204296,ENST00000612031,21,32315771,32315792
ENSG00000204296,ENST00000612031,21,32323116,32323137
ENSG00000204296,ENST00000612031,24,32323590,32323614
ENSG00000204296,ENST00000612031,21,32330588,32330609
ENSG00000204296,ENST00000612031,21,32332033,32332054
ENSG00000204296,ENST00000612031,21,32335436,32335457
ENSG00000204296,ENST00000612031,21,32335911,32335932
ENSG00000204296,ENST00000612031,21,32336614,32336635
ENSG00000204296,ENST00000612031,21,32338978,32338999
ENSG00000204296,ENST00000612031,21,32355123,32355144
ENSG00000204296,ENST00000612031,21,32355648,32355669
ENSG00000204296,ENST00000612031,21,32366166,32366187
ENSG00000204296,ENST00000612031,30,32366272,32366302
ENSG00000204296,ENST00000527965,15,32299921,32299936
ENSG00000204296,ENST00000527965,21,32300679,32300700
ENSG00000204296,ENST00000527965,21,32302608,32302629
ENSG00000204296,ENST00000527965,21,32316393,32316414
ENSG00000204296,ENST00000527965,21,32322485,32322506
ENSG00000204296,ENST00000527965,21,32323116,32323137
ENSG00000204296,ENST00000527965,24,32323590,32323614
ENSG00000204296,ENST00000527965,21,32330588,32330609
ENSG00000204296,ENST00000527965,21,32332033,32332054
ENSG00000204296,ENST00000527965,21,32335436,32335457
ENSG00000204296,ENST00000527965,21,32335911,32335932
ENSG00000204296,ENST00000527965,21,32336614,32336635
ENSG00000204296,ENST00000527965,21,32338978,32338999
ENSG00000204296,ENST00000527965,21,32343237,32343258
ENSG00000204296,ENST00000527965,21,32349739,32349760
ENSG00000204296,ENST00000527965,21,32355123,32355144
ENSG00000204296,ENST00000527965,21,32355648,32355669
ENSG00000204296,ENST00000527965,30,32366272,32366302
ENSG00000204296,ENST00000375007,15,32299921,32299936
ENSG00000204296,ENST00000375007,21,32300679,32300700
ENSG00000204296,ENST00000375007,21,32302608,32302629
ENSG00000204296,ENST00000375007,21,32322485,32322506
ENSG00000204296,ENST00000375007,21,32323116,32323137
ENSG00000204296,ENST00000375007,24,32323590,32323614
ENSG00000204296,ENST00000375007,21,32330588,32330609
ENSG00000204296,ENST00000375007,21,32332033,32332054
ENSG00000204296,ENST00000375007,21,32335436,32335457
ENSG00000204296,ENST00000375007,21,32335911,32335932
ENSG00000204296,ENST00000375007,21,32336614,32336635
ENSG00000204296,ENST00000375007,21,32338978,32338999
ENSG00000204296,ENST00000375007,21,32355123,32355144
ENSG00000204296,ENST00000375007,16,32355648,32355664
ENSG00000204296,ENST00000375007,16,32355666,32355682
ENSG00000204296,ENST00000617061,15,32299921,32299936
ENSG00000204296,ENST00000617061,21,32300679,32300700
ENSG00000204296,ENST00000617061,21,32302608,32302629
ENSG00000204296,ENST00000617061,21,32316393,32316414
ENSG00000204296,ENST00000617061,21,32322485,32322506
ENSG00000204296,ENST00000617061,21,32323116,32323137
ENSG00000204296,ENST00000617061,18,32323592,32323610
ENSG00000204296,ENST00000617061,5,32323859,32323864
ENSG00000204296,ENST00000617061,24,32324655,32324679
ENSG00000204296,ENST00000617061,11,32330588,32330599
ENSG00000204296,ENST00000617061,6,32330603,32330609
ENSG00000204296,ENST00000617061,21,32332033,32332054
ENSG00000204296,ENST00000617061,21,32335436,32335457
ENSG00000204296,ENST00000617061,23,32335911,32335934
ENSG00000204296,ENST00000617061,21,32336614,32336635
ENSG00000204296,ENST00000617061,21,32338978,32338999
ENSG00000204296,ENST00000617061,21,32343237,32343258
ENSG00000204296,ENST00000617061,21,32349739,32349760
ENSG00000204296,ENST00000617061,21,32355123,32355144
ENSG00000204296,ENST00000617061,17,32355648,32355665
ENSG00000204296,ENST00000617061,5,32356840,32356845
ENSG00000204296,ENST00000617061,21,32366166,32366187
ENSG00000204296,ENST00000617061,9,32366272,32366281
ENSG00000204296,ENST00000617061,17,32366285,32366302
ENSG00000204296,ENST00000532023,21,32336614,32336635
ENSG00000204296,ENST00000532023,21,32338978,32338999
ENSG00000204296,ENST00000532023,21,32343237,32343258
ENSG00000204296,ENST00000532023,21,32349739,32349760
ENSG00000204296,ENST00000532023,21,32355123,32355144
ENSG00000204296,ENST00000532023,21,32355648,32355669
ENSG00000204296,ENST00000532023,30,32366272,32366302
ENSG00000204296,ENST00000534588,21,32343237,32343258
ENSG00000204296,ENST00000534588,21,32355123,32355144
ENSG00000204296,ENST00000534588,21,32355648,32355669
ENSG00000204296,ENST00000534588,21,32366166,32366187
ENSG00000204296,ENST00000534588,30,32366272,32366302
ENSG00000204290,ENST00000454136,21,32401784,32401805
ENSG00000204290,ENST00000465865,21,32401784,32401805
ENSG00000204290,ENST00000374993,21,32401784,32401805
ENSG00000204290,ENST00000544175,21,32401784,32401805
ENSG00000198502,ENST00000374975,24,32518053,32518077
ENSG00000229391,ENST00000411500,24,32553375,32553399
ENSG00000229391,ENST00000437183,24,32553375,32553399
ENSG00000229391,ENST00000437650,24,32553375,32553399
ENSG00000196126,ENST00000360004,24,32580246,32580270
ENSG00000179344,ENST00000374943,24,32660858,32660882
ENSG00000232629,ENST00000411527,24,32757280,32757304
ENSG00000232629,ENST00000437316,24,32757280,32757304
ENSG00000223865,ENST00000418931,24,33086218,33086242
ENSG00000223865,ENST00000416804,24,33086218,33086242
ENSG00000204209,ENST00000620164,18,33319201,33319219
ENSG00000112514,ENST00000494751,28,33416748,33416776
ENSG00000030110,ENST00000442998,20,33574505,33574525
ENSG00000030110,ENST00000360661,11,33575792,33575803
ENSG00000186577,ENST00000476320,26,34247466,34247492
ENSG00000186577,ENST00000636500,26,34247466,34247492
ENSG00000186577,ENST00000481533,26,34247466,34247492
ENSG00000186577,ENST00000394990,26,34247466,34247492
ENSG00000186577,ENST00000468145,26,34247466,34247492
ENSG00000007866,ENST00000402886,12,35479304,35479316
ENSG00000007866,ENST00000338863,12,35479304,35479316
ENSG00000007866,ENST00000639578,12,35479304,35479316
ENSG00000112041,ENST00000322263,6,35506273,35506279
ENSG00000112041,ENST00000229771,6,35506273,35506279
ENSG00000112041,ENST00000373892,6,35506273,35506279
ENSG00000197753,ENST00000360215,27,35819436,35819463
ENSG00000197753,ENST00000645222,27,35819436,35819463
ENSG00000197753,ENST00000496656,27,35819436,35819463
ENSG00000096063,ENST00000373825,26,35870933,35870959
ENSG00000096063,ENST00000361690,26,35870933,35870959
ENSG00000096063,ENST00000346162,26,35870933,35870959
ENSG00000096063,ENST00000423325,26,35870933,35870959
ENSG00000096063,ENST00000510290,26,35870933,35870959
ENSG00000112062,ENST00000622903,30,36073690,36073720
ENSG00000112062,ENST00000229795,30,36073690,36073720
ENSG00000112062,ENST00000229794,30,36073690,36073720
ENSG00000112062,ENST00000468133,30,36073690,36073720
ENSG00000112062,ENST00000496250,30,36073690,36073720
ENSG00000112062,ENST00000491957,30,36073690,36073720
ENSG00000112062,ENST00000310795,30,36073690,36073720
ENSG00000112062,ENST00000474429,30,36073690,36073720
ENSG00000112062,ENST00000472333,30,36073690,36073720
ENSG00000156711,ENST00000211287,30,36136018,36136048
ENSG00000156711,ENST00000373766,30,36136018,36136048
ENSG00000156711,ENST00000373759,30,36136018,36136048
ENSG00000156711,ENST00000490334,30,36136018,36136048
ENSG00000224666,ENST00000612718,17,36393066,36393083
ENSG00000204110,ENST00000570443,25,37534932,37534957
ENSG00000112139,ENST00000434837,24,37645932,37645956
ENSG00000112139,ENST00000650466,24,37645932,37645956
ENSG00000112139,ENST00000505425,24,37645932,37645956
ENSG00000146122,ENST00000633794,27,39886420,39886447
ENSG00000048545,ENST00000541991,24,42178611,42178635
ENSG00000112655,ENST00000489707,15,43139135,43139150
ENSG00000137204,ENST00000487175,6,43299091,43299097
ENSG00000137204,ENST00000372585,6,43299091,43299097
ENSG00000137221,ENST00000372444,29,43500743,43500772
ENSG00000137221,ENST00000372445,29,43500743,43500772
ENSG00000137221,ENST00000372445,30,43502587,43502617
ENSG00000137221,ENST00000436109,29,43500743,43500772
ENSG00000137221,ENST00000372454,29,43500743,43500772
ENSG00000137221,ENST00000442878,29,43500743,43500772
ENSG00000137221,ENST00000442878,30,43502587,43502617
ENSG00000137221,ENST00000259751,29,43500743,43500772
ENSG00000137221,ENST00000372452,29,43500743,43500772
ENSG00000137221,ENST00000372449,29,43500743,43500772
ENSG00000137221,ENST00000372449,30,43502587,43502617
ENSG00000137221,ENST00000438588,29,43500743,43500772
ENSG00000137221,ENST00000438588,30,43502587,43502617
ENSG00000137221,ENST00000483640,29,43500743,43500772
ENSG00000137221,ENST00000612912,30,43502587,43502617
ENSG00000137221,ENST00000459851,29,43500743,43500772
ENSG00000137207,ENST00000503972,30,43513068,43513098
ENSG00000124571,ENST00000265351,27,43568710,43568737
ENSG00000172432,ENST00000307114,27,43626921,43626948
ENSG00000172432,ENST00000419497,30,43621760,43621790
ENSG00000172432,ENST00000307126,27,43626921,43626948
ENSG00000172432,ENST00000442748,27,43626921,43626948
ENSG00000172432,ENST00000452781,27,43626921,43626948
ENSG00000112715,ENST00000372067,30,43778888,43778918
ENSG00000112715,ENST00000417285,30,43778888,43778918
ENSG00000112715,ENST00000413642,30,43778888,43778918
ENSG00000112715,ENST00000372055,30,43778888,43778918
ENSG00000112715,ENST00000482630,30,43778888,43778918
ENSG00000112715,ENST00000425836,30,43778888,43778918
ENSG00000112715,ENST00000372064,30,43778888,43778918
ENSG00000112715,ENST00000611736,30,43778888,43778918
ENSG00000112715,ENST00000621747,30,43778888,43778918
ENSG00000112715,ENST00000617771,30,43778888,43778918
ENSG00000112715,ENST00000640653,30,43778888,43778918
ENSG00000112715,ENST00000615393,30,43778888,43778918
ENSG00000112715,ENST00000640499,30,43778888,43778918
ENSG00000112715,ENST00000640482,30,43778888,43778918
ENSG00000112715,ENST00000372077,30,43778888,43778918
ENSG00000112715,ENST00000519767,30,43778888,43778918
ENSG00000112715,ENST00000520948,30,43778888,43778918
ENSG00000112715,ENST00000523873,30,43778888,43778918
ENSG00000112715,ENST00000523950,30,43778888,43778918
ENSG00000112715,ENST00000518689,30,43778888,43778918
ENSG00000112715,ENST00000523125,30,43778888,43778918
ENSG00000112715,ENST00000518824,30,43778888,43778918
ENSG00000112715,ENST00000230480,30,43778888,43778918
ENSG00000112715,ENST00000497139,30,43778888,43778918
ENSG00000112715,ENST00000493786,30,43778888,43778918
ENSG00000137225,ENST00000398776,12,44179618,44179630
ENSG00000137225,ENST00000533604,12,44179618,44179630
ENSG00000112818,ENST00000230588,25,46793551,46793576
ENSG00000112077,ENST00000229810,14,49605816,49605830
ENSG00000008196,ENST00000344788,27,50822133,50822160
ENSG00000124749,ENST00000244728,9,56164813,56164822
ENSG00000124749,ENST00000456983,9,56164813,56164822
ENSG00000151914,ENST00000244364,18,56468981,56468999
ENSG00000151914,ENST00000312431,18,56468981,56468999
ENSG00000151914,ENST00000421834,18,56468981,56468999
ENSG00000151914,ENST00000370788,18,56468981,56468999
ENSG00000151914,ENST00000361203,18,56468981,56468999
ENSG00000168216,ENST00000648210,28,69755557,69755585
ENSG00000168216,ENST00000649054,20,69710424,69710444
ENSG00000082293,ENST00000620364,27,70168654,70168681
ENSG00000112280,ENST00000357250,24,70272064,70272088
ENSG00000112280,ENST00000357250,21,70282897,70282918
ENSG00000112280,ENST00000320755,24,70272064,70272088
ENSG00000112280,ENST00000644493,24,70272064,70272088
ENSG00000112280,ENST00000489611,24,70272064,70272088
ENSG00000112280,ENST00000370496,21,70282897,70282918
ENSG00000079841,ENST00000370419,12,72099974,72099986
ENSG00000079841,ENST00000491071,12,72099974,72099986
ENSG00000079841,ENST00000517960,12,72099974,72099986
ENSG00000079841,ENST00000518273,12,72099974,72099986
ENSG00000079841,ENST00000522291,12,72099974,72099986
ENSG00000079841,ENST00000521978,12,72099974,72099986
ENSG00000079841,ENST00000520567,12,72099974,72099986
ENSG00000079841,ENST00000264839,12,72099974,72099986
ENSG00000079841,ENST00000522211,30,72295936,72295966
ENSG00000185760,ENST00000342056,27,73124485,73124512
ENSG00000185760,ENST00000628967,27,73124485,73124512
ENSG00000185760,ENST00000403813,15,72806858,72806873
ENSG00000185760,ENST00000414165,15,72806858,72806873
ENSG00000185760,ENST00000414165,27,73124485,73124512
ENSG00000185760,ENST00000355194,15,72806858,72806873
ENSG00000185760,ENST00000355194,27,73124485,73124512
ENSG00000185760,ENST00000402622,15,72806858,72806873
ENSG00000185760,ENST00000355635,15,72806858,72806873
ENSG00000185760,ENST00000355635,27,73124485,73124512
ENSG00000185760,ENST00000370398,27,73124485,73124512
ENSG00000156508,ENST00000615060,21,73518567,73518588
ENSG00000156508,ENST00000615060,20,73518590,73518610
ENSG00000156535,ENST00000422508,29,73723250,73723279
ENSG00000156535,ENST00000437994,29,73723250,73723279
ENSG00000156535,ENST00000287097,29,73723250,73723279
ENSG00000156535,ENST00000649530,29,73723250,73723279
ENSG00000111799,ENST00000322507,21,75138319,75138340
ENSG00000111799,ENST00000615798,5,75117678,75117683
ENSG00000111799,ENST00000615798,21,75138319,75138340
ENSG00000111799,ENST00000345356,21,75138319,75138340
ENSG00000111799,ENST00000416123,21,75138319,75138340
ENSG00000111799,ENST00000483888,21,75138319,75138340
ENSG00000237174,ENST00000419709,27,75385657,75385684
ENSG00000112701,ENST00000447266,21,75640683,75640704
ENSG00000112701,ENST00000483859,18,75640686,75640704
ENSG00000112701,ENST00000424947,21,75640683,75640704
ENSG00000196586,ENST00000369981,27,75894813,75894840
ENSG00000196586,ENST00000369981,30,75895230,75895260
ENSG00000196586,ENST00000369981,27,75911671,75911698
ENSG00000196586,ENST00000369985,27,75911671,75911698
ENSG00000196586,ENST00000369977,30,75895230,75895260
ENSG00000196586,ENST00000369977,27,75911671,75911698
ENSG00000196586,ENST00000615563,27,75911671,75911698
ENSG00000196586,ENST00000627432,27,75894813,75894840
ENSG00000196586,ENST00000627432,30,75895230,75895260
ENSG00000196586,ENST00000627432,27,75911671,75911698
ENSG00000196586,ENST00000430435,27,75894813,75894840
ENSG00000196586,ENST00000430435,30,75895230,75895260
ENSG00000112706,ENST00000369950,21,76007479,76007500
ENSG00000112706,ENST00000369950,29,76034314,76034343
ENSG00000112706,ENST00000611179,21,76007479,76007500
ENSG00000112706,ENST00000611179,29,76034314,76034343
ENSG00000112706,ENST00000369963,29,76034314,76034343
ENSG00000146247,ENST00000275034,30,79077699,79077729
ENSG00000118418,ENST00000344726,30,79208546,79208576
ENSG00000118418,ENST00000275036,30,79208546,79208576
ENSG00000118418,ENST00000620514,30,79208546,79208576
ENSG00000083097,ENST00000349129,30,83125165,83125195
ENSG00000083097,ENST00000237163,30,83125165,83125195
ENSG00000083097,ENST00000369739,30,83125165,83125195
ENSG00000065609,ENST00000521485,15,83601584,83601599
ENSG00000065609,ENST00000521485,28,83610649,83610677
ENSG00000065609,ENST00000521485,6,83614856,83614862
ENSG00000065609,ENST00000369694,15,83601584,83601599
ENSG00000065609,ENST00000369694,28,83610649,83610677
ENSG00000065609,ENST00000369694,6,83614856,83614862
ENSG00000065609,ENST00000195649,15,83601584,83601599
ENSG00000065609,ENST00000195649,28,83610649,83610677
ENSG00000065609,ENST00000195649,6,83614856,83614862
ENSG00000065609,ENST00000439399,15,83601584,83601599
ENSG00000065609,ENST00000439399,28,83610649,83610677
ENSG00000065609,ENST00000439399,6,83614856,83614862
ENSG00000065609,ENST00000521743,15,83601584,83601599
ENSG00000065609,ENST00000521743,28,83610649,83610677
ENSG00000065609,ENST00000521743,6,83614856,83614862
ENSG00000065609,ENST00000520302,15,83601584,83601599
ENSG00000065609,ENST00000520302,28,83610649,83610677
ENSG00000065609,ENST00000518312,15,83601584,83601599
ENSG00000065609,ENST00000518312,28,83610649,83610677
ENSG00000065609,ENST00000520213,28,83610649,83610677
ENSG00000065609,ENST00000521616,15,83601584,83601599
ENSG00000065609,ENST00000521616,28,83610649,83610677
ENSG00000065609,ENST00000521616,6,83614856,83614862
ENSG00000065609,ENST00000521931,28,83610649,83610677
ENSG00000065609,ENST00000369691,15,83601584,83601599
ENSG00000135317,ENST00000314673,27,85538837,85538864
ENSG00000135317,ENST00000505648,27,85538837,85538864
ENSG00000135317,ENST00000503491,27,85538837,85538864
ENSG00000135317,ENST00000369635,27,85538837,85538864
ENSG00000111850,ENST00000392863,21,87330691,87330712
ENSG00000111850,ENST00000608868,21,87330691,87330712
ENSG00000164414,ENST00000622775,18,87508419,87508437
ENSG00000014123,ENST00000369278,29,96524381,96524410
ENSG00000229315,ENST00000451220,30,100007434,100007464
ENSG00000164418,ENST00000421544,27,101244629,101244656
ENSG00000085382,ENST00000518503,14,104744159,104744173
ENSG00000227535,ENST00000422930,8,104842345,104842353
ENSG00000235142,ENST00000430094,17,106774776,106774793
ENSG00000231889,ENST00000525151,28,111484117,111484145
ENSG00000196591,ENST00000368632,28,113962366,113962394
ENSG00000196591,ENST00000522371,28,113962366,113962394
ENSG00000196591,ENST00000523240,28,113962366,113962394
ENSG00000196591,ENST00000524334,28,113962366,113962394
ENSG00000228624,ENST00000518470,26,114406642,114406668
ENSG00000185002,ENST00000487683,28,116895179,116895207
ENSG00000185002,ENST00000332958,28,116895179,116895207
ENSG00000185002,ENST00000471966,28,116895179,116895207
ENSG00000047936,ENST00000368507,27,117414518,117414545
ENSG00000047932,ENST00000368498,24,117577447,117577471
ENSG00000047932,ENST00000535237,24,117577447,117577471
ENSG00000111879,ENST00000621231,25,119009548,119009573
ENSG00000186439,ENST00000334268,24,123252411,123252435
ENSG00000186439,ENST00000334268,27,123260611,123260638
ENSG00000186439,ENST00000334268,21,123265317,123265338
ENSG00000186439,ENST00000334268,18,123269848,123269866
ENSG00000186439,ENST00000334268,27,123273336,123273363
ENSG00000186439,ENST00000334268,30,123274640,123274670
ENSG00000186439,ENST00000334268,30,123278317,123278347
ENSG00000186439,ENST00000334268,27,123279055,123279082
ENSG00000186439,ENST00000334268,27,123375604,123375631
ENSG00000186439,ENST00000334268,27,123377715,123377742
ENSG00000186439,ENST00000334268,21,123381369,123381390
ENSG00000186439,ENST00000334268,30,123382117,123382147
ENSG00000186439,ENST00000334268,30,123388521,123388551
ENSG00000188580,ENST00000545433,7,124490385,124490392
ENSG00000111907,ENST00000304877,15,125252021,125252036
ENSG00000066651,ENST00000473273,30,125993792,125993822
ENSG00000066651,ENST00000489934,22,125993800,125993822
ENSG00000093144,ENST00000479525,4,127315134,127315138
ENSG00000152894,ENST00000532331,18,127995248,127995266
ENSG00000152894,ENST00000532331,12,128001195,128001207
ENSG00000152894,ENST00000368213,18,127995248,127995266
ENSG00000152894,ENST00000368210,18,127995248,127995266
ENSG00000152894,ENST00000368207,18,127995248,127995266
ENSG00000152894,ENST00000368207,12,128001195,128001207
ENSG00000152894,ENST00000368207,30,128006025,128006055
ENSG00000152894,ENST00000415046,30,128006025,128006055
ENSG00000152894,ENST00000415055,12,128001195,128001207
ENSG00000152894,ENST00000415055,30,128006025,128006055
ENSG00000152894,ENST00000531050,12,128001195,128001207
ENSG00000152894,ENST00000531050,30,128006025,128006055
ENSG00000152894,ENST00000524481,12,128001195,128001207
ENSG00000152894,ENST00000524481,30,128006025,128006055
ENSG00000196569,ENST00000618192,12,129475389,129475401
ENSG00000196569,ENST00000421865,6,129443062,129443068
ENSG00000196569,ENST00000421865,12,129475389,129475401
ENSG00000112282,ENST00000354577,18,131615323,131615341
ENSG00000112282,ENST00000368058,18,131615323,131615341
ENSG00000112282,ENST00000368053,18,131615323,131615341
ENSG00000112339,ENST00000526100,25,134997396,134997421
ENSG00000112339,ENST00000527507,10,135026853,135026863
ENSG00000118513,ENST00000316528,2,135202947,135202949
ENSG00000135541,ENST00000367800,27,135404950,135404977
ENSG00000135541,ENST00000457866,27,135404950,135404977
ENSG00000135541,ENST00000475846,27,135404950,135404977
ENSG00000135541,ENST00000367799,27,135404950,135404977
ENSG00000135541,ENST00000265602,27,135404950,135404977
ENSG00000135541,ENST00000531788,27,135404950,135404977
ENSG00000135541,ENST00000327035,27,135404950,135404977
ENSG00000135541,ENST00000529865,27,135404950,135404977
ENSG00000237596,ENST00000417643,26,136095993,136096019
ENSG00000197442,ENST00000359015,21,136601021,136601042
ENSG00000197442,ENST00000359015,24,136705109,136705133
ENSG00000237499,ENST00000448942,30,137860981,137861011
ENSG00000237499,ENST00000607671,30,137860981,137861011
ENSG00000118503,ENST00000620204,26,137879325,137879351
ENSG00000279968,ENST00000615663,23,138756604,138756627
ENSG00000024862,ENST00000611852,23,138788365,138788388
ENSG00000024862,ENST00000332797,23,138788365,138788388
ENSG00000024862,ENST00000617445,23,138788365,138788388
ENSG00000146416,ENST00000275235,18,143334077,143334095
ENSG00000152818,ENST00000367545,23,144846804,144846827
ENSG00000152818,ENST00000367526,23,144846804,144846827
ENSG00000112425,ENST00000461700,25,145686121,145686146
ENSG00000233452,ENST00000427394,26,146972044,146972070
ENSG00000233452,ENST00000367477,26,146972044,146972070
ENSG00000233452,ENST00000458125,26,146972044,146972070
ENSG00000233452,ENST00000431143,26,146972044,146972070
ENSG00000120278,ENST00000644968,23,150823653,150823676
ENSG00000120278,ENST00000358517,23,150823653,150823676
ENSG00000120278,ENST00000475490,23,150823653,150823676
ENSG00000131018,ENST00000341594,4,152474634,152474638
ENSG00000131018,ENST00000341594,17,152481155,152481172
ENSG00000131018,ENST00000423061,21,152511570,152511591
ENSG00000131018,ENST00000367248,21,152511570,152511591
ENSG00000131018,ENST00000535896,17,152481155,152481172
ENSG00000131018,ENST00000610489,21,152511570,152511591
ENSG00000029639,ENST00000470239,8,155311331,155311339
ENSG00000175048,ENST00000518214,26,157628348,157628374
ENSG00000122335,ENST00000648111,5,158162147,158162152
ENSG00000164694,ENST00000297267,30,159264974,159265004
ENSG00000164694,ENST00000329629,30,159264974,159265004
ENSG00000185345,ENST00000612540,9,162263261,162263270
ENSG00000185345,ENST00000612540,10,162264739,162264749
ENSG00000185345,ENST00000612540,14,162265190,162265204
ENSG00000185345,ENST00000612540,17,162266457,162266474
ENSG00000185345,ENST00000612540,22,162269606,162269628
ENSG00000185345,ENST00000612540,10,162270013,162270023
ENSG00000185345,ENST00000612540,6,162270292,162270298
ENSG00000185345,ENST00000612540,22,162270712,162270734
ENSG00000185345,ENST00000642604,29,162695037,162695066
ENSG00000112541,ENST00000647989,29,165482314,165482343
ENSG00000112541,ENST00000647837,29,165482314,165482343
ENSG00000112541,ENST00000366882,29,165482314,165482343
ENSG00000112541,ENST00000649761,29,165482314,165482343
ENSG00000112541,ENST00000648884,29,165482314,165482343
ENSG00000112541,ENST00000649247,29,165482314,165482343
ENSG00000112541,ENST00000648917,29,165482314,165482343
ENSG00000112541,ENST00000647590,29,165482314,165482343
ENSG00000112541,ENST00000539869,29,165482314,165482343
ENSG00000112541,ENST00000650117,29,165482314,165482343
ENSG00000198818,ENST00000361731,30,166322856,166322886
ENSG00000198818,ENST00000487841,23,166331384,166331407
ENSG00000198818,ENST00000478705,30,166322856,166322886
ENSG00000198818,ENST00000478705,23,166331384,166331407
ENSG00000060762,ENST00000360961,4,166370217,166370221
ENSG00000060762,ENST00000621630,4,166369465,166369469
ENSG00000060762,ENST00000487218,4,166370217,166370221
ENSG00000060762,ENST00000475708,4,166370217,166370221
ENSG00000026297,ENST00000620173,6,166943678,166943684
ENSG00000026297,ENST00000620173,18,166943823,166943841
ENSG00000026297,ENST00000620173,16,166945104,166945120
ENSG00000026297,ENST00000620173,13,166945261,166945274
ENSG00000203690,ENST00000617120,28,167382927,167382955
ENSG00000130396,ENST00000351017,21,167913402,167913423
ENSG00000112562,ENST00000535039,6,168667433,168667439
ENSG00000130023,ENST00000366772,30,169766637,169766667
ENSG00000130023,ENST00000392095,30,169766637,169766667
ENSG00000130023,ENST00000366773,30,169766637,169766667
ENSG00000130023,ENST00000418781,30,169766637,169766667
ENSG00000164828,ENST00000389574,27,843205,843232
ENSG00000164828,ENST00000457378,27,843205,843232
ENSG00000164828,ENST00000435699,27,843205,843232
ENSG00000164828,ENST00000340926,27,843205,843232
ENSG00000164828,ENST00000405266,27,843205,843232
ENSG00000164828,ENST00000413171,27,843205,843232
ENSG00000164828,ENST00000401592,27,843205,843232
ENSG00000164828,ENST00000403868,27,843205,843232
ENSG00000164828,ENST00000467483,27,843205,843232
ENSG00000164828,ENST00000425407,27,843205,843232
ENSG00000164828,ENST00000493681,27,843205,843232
ENSG00000164828,ENST00000477950,27,843205,843232
ENSG00000106012,ENST00000623361,24,2601440,2601464
ENSG00000106012,ENST00000402050,24,2601440,2601464
ENSG00000106012,ENST00000438376,24,2601440,2601464
ENSG00000106012,ENST00000325997,24,2601440,2601464
ENSG00000106012,ENST00000476665,24,2601440,2601464
ENSG00000106012,ENST00000404984,20,2571525,2571545
ENSG00000106012,ENST00000404984,24,2601440,2601464
ENSG00000106012,ENST00000611775,24,2601440,2601464
ENSG00000106012,ENST00000325979,24,2601440,2601464
ENSG00000106012,ENST00000423196,24,2601440,2601464
ENSG00000106012,ENST00000486730,24,2601440,2601464
ENSG00000146555,ENST00000615806,7,3476050,3476057
ENSG00000146574,ENST00000472464,30,6798863,6798893
ENSG00000215018,ENST00000399429,27,7515813,7515840
ENSG00000215018,ENST00000399429,21,7524228,7524249
ENSG00000215018,ENST00000444268,27,7515813,7515840
ENSG00000106415,ENST00000430798,14,8060095,8060109
ENSG00000106443,ENST00000493922,27,11110524,11110551
ENSG00000005108,ENST00000423059,6,11426665,11426671
ENSG00000136267,ENST00000403951,21,14753927,14753948
ENSG00000136267,ENST00000399322,21,14753927,14753948
ENSG00000136267,ENST00000402815,21,14753927,14753948
ENSG00000136267,ENST00000406247,21,14753927,14753948
ENSG00000136267,ENST00000477401,21,14753927,14753948
ENSG00000136267,ENST00000467449,21,14753927,14753948
ENSG00000136267,ENST00000437998,21,14753927,14753948
ENSG00000205858,ENST00000401542,28,16580073,16580101
ENSG00000136261,ENST00000452975,27,16696914,16696941
ENSG00000136261,ENST00000452975,25,16698161,16698186
ENSG00000105877,ENST00000620169,6,21681678,21681684
ENSG00000105877,ENST00000328843,6,21681721,21681727
ENSG00000136243,ENST00000548367,28,23196135,23196163
ENSG00000136231,ENST00000491719,15,23402570,23402585
ENSG00000153790,ENST00000409280,30,25158500,25158530
ENSG00000153790,ENST00000283905,30,25158500,25158530
ENSG00000153790,ENST00000443822,30,25158500,25158530
ENSG00000122566,ENST00000618183,9,26195846,26195855
ENSG00000086300,ENST00000619420,13,26360605,26360618
ENSG00000005020,ENST00000345317,26,26854136,26854162
ENSG00000005020,ENST00000468712,26,26854136,26854162
ENSG00000005020,ENST00000495802,26,26854136,26854162
ENSG00000005020,ENST00000432747,26,26854136,26854162
ENSG00000005020,ENST00000490456,26,26854136,26854162
ENSG00000005020,ENST00000497511,26,26854136,26854162
ENSG00000005020,ENST00000481204,26,26854136,26854162
ENSG00000005020,ENST00000487720,26,26854136,26854162
ENSG00000146592,ENST00000498316,29,28818760,28818789
ENSG00000272568,ENST00000609389,13,29001042,29001055
ENSG00000272568,ENST00000609495,13,29001042,29001055
ENSG00000227855,ENST00000414296,25,29655034,29655059
ENSG00000078549,ENST00000304166,21,31080612,31080633
ENSG00000078549,ENST00000614107,21,31080612,31080633
ENSG00000078549,ENST00000396211,21,31080612,31080633
ENSG00000078549,ENST00000409489,21,31080612,31080633
ENSG00000154678,ENST00000396191,27,32051553,32051580
ENSG00000154678,ENST00000321453,27,32051553,32051580
ENSG00000154678,ENST00000396184,27,32051553,32051580
ENSG00000154678,ENST00000396182,27,32051553,32051580
ENSG00000154678,ENST00000396189,27,32051553,32051580
ENSG00000106355,ENST00000450169,28,32488624,32488652
ENSG00000106355,ENST00000409909,28,32488624,32488652
ENSG00000106355,ENST00000409292,28,32488624,32488652
ENSG00000106355,ENST00000223084,28,32488624,32488652
ENSG00000106355,ENST00000410044,28,32488624,32488652
ENSG00000106355,ENST00000409782,28,32488624,32488652
ENSG00000106355,ENST00000409952,28,32488624,32488652
ENSG00000231952,ENST00000426647,25,32820716,32820741
ENSG00000122507,ENST00000242067,15,33352858,33352873
ENSG00000122507,ENST00000396127,15,33352858,33352873
ENSG00000122507,ENST00000433714,15,33352858,33352873
ENSG00000122507,ENST00000434373,15,33352858,33352873
ENSG00000173852,ENST00000638088,25,34942614,34942639
ENSG00000173852,ENST00000638088,25,35018571,35018596
ENSG00000173852,ENST00000310974,25,34942614,34942639
ENSG00000173852,ENST00000310974,25,35018571,35018596
ENSG00000173852,ENST00000481923,25,35018571,35018596
ENSG00000189212,ENST00000458672,25,35106043,35106068
ENSG00000122545,ENST00000635172,5,35831491,35831496
ENSG00000122547,ENST00000534978,29,36154132,36154161
ENSG00000011426,ENST00000265748,22,36426014,36426036
ENSG00000011426,ENST00000396068,22,36426014,36426036
ENSG00000011426,ENST00000428612,22,36426014,36426036
ENSG00000011426,ENST00000457743,22,36426014,36426036
ENSG00000155849,ENST00000487843,9,36895008,36895017
ENSG00000078053,ENST00000325590,24,38429841,38429865
ENSG00000078053,ENST00000325590,24,38432188,38432212
ENSG00000078053,ENST00000356264,24,38429841,38429865
ENSG00000078053,ENST00000356264,24,38432188,38432212
ENSG00000078053,ENST00000441628,24,38429841,38429865
ENSG00000078053,ENST00000441628,24,38432188,38432212
ENSG00000065883,ENST00000611390,16,40078835,40078851
ENSG00000106608,ENST00000497914,22,43887789,43887811
ENSG00000106608,ENST00000443736,22,43887789,43887811
ENSG00000106608,ENST00000453200,27,43887789,43887816
ENSG00000106608,ENST00000426198,27,43887789,43887816
ENSG00000106608,ENST00000477768,27,43887789,43887816
ENSG00000136279,ENST00000449997,20,44057972,44057992
ENSG00000058404,ENST00000347193,17,44220615,44220632
ENSG00000105953,ENST00000631326,5,44697602,44697607
ENSG00000105953,ENST00000631326,12,44697610,44697622
ENSG00000122515,ENST00000615423,21,44761859,44761880
ENSG00000146674,ENST00000615754,3,45921025,45921028
ENSG00000136205,ENST00000311160,27,47280163,47280190
ENSG00000164744,ENST00000453192,18,47988866,47988884
ENSG00000164744,ENST00000453192,15,47988885,47988900
ENSG00000164746,ENST00000420324,12,48054594,48054606
ENSG00000164746,ENST00000430738,12,48054594,48054606
ENSG00000164746,ENST00000539619,12,48054594,48054606
ENSG00000164746,ENST00000348904,12,48054594,48054606
ENSG00000179869,ENST00000417403,29,48221280,48221309
ENSG00000179869,ENST00000435803,29,48221280,48221309
ENSG00000132437,ENST00000357936,20,50476623,50476643
ENSG00000132437,ENST00000615193,20,50476623,50476643
ENSG00000132437,ENST00000617822,20,50476623,50476643
ENSG00000132437,ENST00000622873,20,50476623,50476643
ENSG00000132437,ENST00000431062,20,50476623,50476643
ENSG00000132437,ENST00000444733,20,50476623,50476643
ENSG00000132437,ENST00000426377,20,50476623,50476643
ENSG00000132437,ENST00000444124,20,50476623,50476643
ENSG00000132437,ENST00000430300,20,50476623,50476643
ENSG00000132437,ENST00000494914,20,50476623,50476643
ENSG00000106070,ENST00000402578,23,50726012,50726035
ENSG00000106070,ENST00000403097,23,50726012,50726035
ENSG00000106070,ENST00000644716,23,50726012,50726035
ENSG00000106070,ENST00000470992,28,50779134,50779162
ENSG00000106070,ENST00000492265,28,50779134,50779162
ENSG00000234500,ENST00000448776,30,66522930,66522960
ENSG00000126524,ENST00000617799,4,66995289,66995293
ENSG00000158321,ENST00000644939,30,70435751,70435781
ENSG00000158321,ENST00000644939,30,70775356,70775386
ENSG00000158321,ENST00000406775,30,70435751,70435781
ENSG00000158321,ENST00000406775,30,70775356,70775386
ENSG00000158321,ENST00000342771,30,70435751,70435781
ENSG00000158321,ENST00000342771,30,70775356,70775386
ENSG00000158321,ENST00000644506,30,70775356,70775386
ENSG00000158321,ENST00000644359,30,70775356,70775386
ENSG00000158321,ENST00000443672,30,70775356,70775386
ENSG00000158321,ENST00000615871,30,70775356,70775386
ENSG00000158321,ENST00000611706,30,70775356,70775386
ENSG00000158321,ENST00000647140,30,70775356,70775386
ENSG00000158321,ENST00000498384,30,70775356,70775386
ENSG00000233369,ENST00000544802,29,73202111,73202140
ENSG00000233369,ENST00000453092,29,73202111,73202140
ENSG00000214544,ENST00000618962,29,73248576,73248605
ENSG00000214544,ENST00000620147,29,73248576,73248605
ENSG00000214544,ENST00000620147,29,73268978,73269007
ENSG00000214544,ENST00000449689,29,73248576,73248605
ENSG00000214544,ENST00000449689,29,73268978,73269007
ENSG00000146755,ENST00000333149,23,73318686,73318709
ENSG00000146755,ENST00000453152,23,73318686,73318709
ENSG00000009950,ENST00000434326,16,73605909,73605925
ENSG00000049540,ENST00000445912,30,74036554,74036584
ENSG00000049540,ENST00000445912,30,74046187,74046217
ENSG00000049540,ENST00000252034,30,74036554,74036584
ENSG00000049540,ENST00000252034,30,74046187,74046217
ENSG00000049540,ENST00000358929,30,74036554,74036584
ENSG00000049540,ENST00000358929,30,74046187,74046217
ENSG00000049540,ENST00000320492,30,74036554,74036584
ENSG00000049540,ENST00000438906,30,74036554,74036584
ENSG00000049540,ENST00000494160,30,74036554,74036584
ENSG00000049540,ENST00000492003,30,74036554,74036584
ENSG00000049540,ENST00000468517,30,74036554,74036584
ENSG00000049540,ENST00000438880,30,74036554,74036584
ENSG00000049540,ENST00000414324,30,74046187,74046217
ENSG00000049540,ENST00000380562,30,74036554,74036584
ENSG00000049540,ENST00000380562,30,74046187,74046217
ENSG00000049540,ENST00000380575,30,74046187,74046217
ENSG00000049540,ENST00000380584,30,74036554,74036584
ENSG00000049540,ENST00000380584,30,74046187,74046217
ENSG00000049540,ENST00000458204,30,74046187,74046217
ENSG00000049540,ENST00000357036,30,74036554,74036584
ENSG00000049540,ENST00000357036,30,74046187,74046217
ENSG00000049540,ENST00000462506,30,74036554,74036584
ENSG00000049540,ENST00000479432,30,74036554,74036584
ENSG00000049540,ENST00000417091,30,74036554,74036584
ENSG00000049540,ENST00000429192,30,74036554,74036584
ENSG00000049540,ENST00000429192,30,74046187,74046217
ENSG00000049540,ENST00000416107,30,74036554,74036584
ENSG00000049540,ENST00000442310,30,74036554,74036584
ENSG00000049540,ENST00000442310,30,74046187,74046217
ENSG00000049540,ENST00000380553,30,74036554,74036584
ENSG00000049540,ENST00000380553,30,74046187,74046217
ENSG00000049540,ENST00000380576,30,74036554,74036584
ENSG00000049540,ENST00000380576,30,74046187,74046217
ENSG00000049540,ENST00000473323,30,74036554,74036584
ENSG00000049540,ENST00000428787,30,74036554,74036584
ENSG00000049540,ENST00000320399,30,74036554,74036584
ENSG00000049540,ENST00000320399,30,74046187,74046217
ENSG00000086730,ENST00000470709,10,74216824,74216834
ENSG00000006704,ENST00000265755,26,74535112,74535138
ENSG00000006704,ENST00000265755,29,74559626,74559655
ENSG00000006704,ENST00000455841,26,74535112,74535138
ENSG00000006704,ENST00000455841,29,74559626,74559655
ENSG00000006704,ENST00000424337,26,74535112,74535138
ENSG00000006704,ENST00000424337,29,74559626,74559655
ENSG00000006704,ENST00000476977,26,74535112,74535138
ENSG00000006704,ENST00000476977,29,74559626,74559655
ENSG00000006704,ENST00000489094,26,74535112,74535138
ENSG00000006704,ENST00000470715,29,74559626,74559655
ENSG00000263001,ENST00000573035,29,74700605,74700634
ENSG00000263001,ENST00000573035,29,74755508,74755537
ENSG00000263001,ENST00000614986,29,74700605,74700634
ENSG00000263001,ENST00000614986,29,74755508,74755537
ENSG00000263001,ENST00000621734,29,74700605,74700634
ENSG00000263001,ENST00000621734,29,74755508,74755537
ENSG00000263001,ENST00000620879,29,74700605,74700634
ENSG00000263001,ENST00000620879,29,74755508,74755537
ENSG00000263001,ENST00000443166,29,74700605,74700634
ENSG00000196275,ENST00000451013,29,74801984,74802013
ENSG00000196275,ENST00000451013,29,74822426,74822455
ENSG00000196275,ENST00000625377,29,74801984,74802013
ENSG00000196275,ENST00000625377,29,74822426,74822455
ENSG00000174428,ENST00000472837,29,75123487,75123516
ENSG00000174428,ENST00000472837,29,75143949,75143978
ENSG00000174428,ENST00000619142,29,75123487,75123516
ENSG00000174428,ENST00000619142,29,75143949,75143978
ENSG00000174428,ENST00000629105,29,75123487,75123516
ENSG00000174428,ENST00000629105,29,75143949,75143978
ENSG00000174428,ENST00000418185,29,75123487,75123516
ENSG00000174428,ENST00000418185,29,75143949,75143978
ENSG00000174428,ENST00000611835,29,75143949,75143978
ENSG00000277053,ENST00000622829,29,75190538,75190567
ENSG00000277053,ENST00000616377,29,75190538,75190567
ENSG00000277053,ENST00000614592,29,75190538,75190567
ENSG00000274959,ENST00000445314,27,75283168,75283195
ENSG00000278080,ENST00000424157,27,75339063,75339090
ENSG00000178809,ENST00000430211,23,75405181,75405204
ENSG00000127948,ENST00000412064,9,75986059,75986068
ENSG00000177679,ENST00000611745,30,76260873,76260903
ENSG00000091073,ENST00000435251,26,76501266,76501292
ENSG00000006576,ENST00000416283,12,77893981,77893993
ENSG00000006576,ENST00000422959,12,77893981,77893993
ENSG00000006576,ENST00000450574,12,77893981,77893993
ENSG00000006576,ENST00000248550,12,77893981,77893993
ENSG00000153956,ENST00000356860,21,81983313,81983334
ENSG00000186472,ENST00000333891,27,82835666,82835693
ENSG00000186472,ENST00000423517,27,82835666,82835693
ENSG00000008277,ENST00000398204,18,88171543,88171561
ENSG00000008277,ENST00000398201,18,88171543,88171561
ENSG00000008277,ENST00000265727,18,88171543,88171561
ENSG00000008277,ENST00000398209,18,88171543,88171561
ENSG00000008277,ENST00000398203,18,88171543,88171561
ENSG00000008277,ENST00000426930,18,88171543,88171561
ENSG00000008277,ENST00000413139,18,88171543,88171561
ENSG00000235436,ENST00000497063,25,90122066,90122091
ENSG00000235436,ENST00000479881,25,90122066,90122091
ENSG00000234459,ENST00000420245,29,90268908,90268937
ENSG00000127914,ENST00000619023,14,91973691,91973705
ENSG00000127914,ENST00000359028,18,91973689,91973707
ENSG00000234545,ENST00000415397,22,92577654,92577676
ENSG00000188175,ENST00000341723,25,93197372,93197397
ENSG00000188175,ENST00000394468,25,93197372,93197397
ENSG00000188175,ENST00000453812,25,93197372,93197397
ENSG00000004766,ENST00000544910,28,93246101,93246129
ENSG00000004766,ENST00000438395,28,93246101,93246129
ENSG00000164692,ENST00000297268,11,94397747,94397758
ENSG00000164692,ENST00000297268,15,94398381,94398396
ENSG00000164692,ENST00000620463,5,94398373,94398378
ENSG00000164692,ENST00000620463,15,94398381,94398396
ENSG00000127990,ENST00000647351,27,94599696,94599723
ENSG00000127990,ENST00000643206,27,94599696,94599723
ENSG00000127990,ENST00000643160,27,94599696,94599723
ENSG00000127990,ENST00000648936,27,94599696,94599723
ENSG00000127990,ENST00000644816,27,94599696,94599723
ENSG00000127990,ENST00000265735,27,94599696,94599723
ENSG00000127990,ENST00000645804,27,94599696,94599723
ENSG00000127990,ENST00000522045,27,94599696,94599723
ENSG00000127990,ENST00000646489,27,94599696,94599723
ENSG00000127990,ENST00000445866,27,94599696,94599723
ENSG00000127990,ENST00000437425,27,94599696,94599723
ENSG00000127990,ENST00000644533,27,94599696,94599723
ENSG00000127990,ENST00000646559,27,94599696,94599723
ENSG00000127990,ENST00000644551,27,94599696,94599723
ENSG00000127990,ENST00000644658,27,94599696,94599723
ENSG00000127990,ENST00000643324,27,94599696,94599723
ENSG00000127990,ENST00000646943,27,94599696,94599723
ENSG00000127990,ENST00000646910,27,94599696,94599723
ENSG00000127990,ENST00000643610,27,94599696,94599723
ENSG00000127990,ENST00000642353,27,94599696,94599723
ENSG00000127990,ENST00000646098,27,94599696,94599723
ENSG00000127990,ENST00000644122,27,94599696,94599723
ENSG00000127990,ENST00000642291,27,94599696,94599723
ENSG00000127990,ENST00000646119,27,94599696,94599723
ENSG00000127990,ENST00000642638,27,94599696,94599723
ENSG00000127990,ENST00000642754,27,94599696,94599723
ENSG00000127990,ENST00000643041,27,94599696,94599723
ENSG00000127990,ENST00000644674,27,94599696,94599723
ENSG00000127990,ENST00000647018,27,94599696,94599723
ENSG00000127990,ENST00000647096,27,94599696,94599723
ENSG00000127990,ENST00000415788,27,94599696,94599723
ENSG00000127990,ENST00000643020,27,94599696,94599723
ENSG00000127990,ENST00000647379,27,94599696,94599723
ENSG00000127990,ENST00000645109,27,94599696,94599723
ENSG00000127990,ENST00000642564,27,94599696,94599723
ENSG00000127990,ENST00000643128,27,94599696,94599723
ENSG00000127990,ENST00000646682,27,94599696,94599723
ENSG00000127990,ENST00000642169,27,94599696,94599723
ENSG00000158528,ENST00000340694,24,95287109,95287133
ENSG00000158528,ENST00000433881,24,95287109,95287133
ENSG00000127922,ENST00000493858,30,96484824,96484854
ENSG00000127922,ENST00000356686,30,96484824,96484854
ENSG00000006128,ENST00000319273,24,97734825,97734849
ENSG00000006128,ENST00000350485,24,97734825,97734849
ENSG00000006128,ENST00000346867,24,97734825,97734849
ENSG00000006128,ENST00000491437,24,97734825,97734849
ENSG00000196367,ENST00000456197,21,98945929,98945950
ENSG00000002079,ENST00000439784,28,99248990,99249018
ENSG00000002079,ENST00000453194,28,99248990,99249018
ENSG00000106246,ENST00000485746,24,99432923,99432947
ENSG00000146833,ENST00000447480,23,99903575,99903598
ENSG00000146833,ENST00000355947,23,99903575,99903598
ENSG00000146833,ENST00000349062,23,99903575,99903598
ENSG00000146833,ENST00000354241,23,99903575,99903598
ENSG00000160862,ENST00000419575,23,99968154,99968177
ENSG00000166529,ENST00000543588,18,100057387,100057405
ENSG00000242294,ENST00000488972,23,100337446,100337469
ENSG00000077454,ENST00000619071,15,100575947,100575962
ENSG00000172354,ENST00000436220,26,100676547,100676573
ENSG00000128564,ENST00000611537,29,101163810,101163839
ENSG00000170632,ENST00000306450,27,103081881,103081908
ENSG00000170629,ENST00000439473,25,103198594,103198619
ENSG00000170629,ENST00000439473,25,103277613,103277638
ENSG00000170629,ENST00000438364,25,103198594,103198619
ENSG00000170629,ENST00000438364,25,103277613,103277638
ENSG00000170629,ENST00000411491,25,103277613,103277638
ENSG00000170629,ENST00000312132,25,103198594,103198619
ENSG00000170629,ENST00000312132,25,103277613,103277638
ENSG00000170629,ENST00000435536,25,103198594,103198619
ENSG00000170629,ENST00000446373,25,103277613,103277638
ENSG00000105821,ENST00000464253,28,103323597,103323625
ENSG00000189056,ENST00000428762,6,103478388,103478394
ENSG00000189056,ENST00000424685,4,103472914,103472918
ENSG00000005483,ENST00000622386,12,105063376,105063388
ENSG00000135250,ENST00000393651,26,105145282,105145308
ENSG00000135250,ENST00000357311,26,105145282,105145308
ENSG00000135250,ENST00000489828,26,105145282,105145308
ENSG00000185055,ENST00000480514,24,105567466,105567490
ENSG00000185055,ENST00000485614,24,105567466,105567490
ENSG00000128536,ENST00000470188,14,106026681,106026695
ENSG00000128536,ENST00000317716,14,106026681,106026695
ENSG00000128536,ENST00000478080,14,106026681,106026695
ENSG00000128536,ENST00000466045,14,106026681,106026695
ENSG00000008282,ENST00000634737,10,106096292,106096302
ENSG00000253276,ENST00000315965,4,106660554,106660558
ENSG00000164597,ENST00000468350,29,107253047,107253076
ENSG00000164597,ENST00000462342,29,107253047,107253076
ENSG00000091129,ENST00000379028,30,108191253,108191283
ENSG00000091129,ENST00000379028,18,108237751,108237769
ENSG00000091129,ENST00000413765,30,108191253,108191283
ENSG00000091129,ENST00000413765,18,108237751,108237769
ENSG00000091129,ENST00000379024,30,108191253,108191283
ENSG00000091129,ENST00000379024,18,108237751,108237769
ENSG00000091129,ENST00000425651,30,108191253,108191283
ENSG00000091129,ENST00000425651,18,108237751,108237769
ENSG00000091129,ENST00000379022,11,108184604,108184615
ENSG00000091129,ENST00000379022,30,108191253,108191283
ENSG00000091129,ENST00000379022,18,108237751,108237769
ENSG00000091129,ENST00000442580,18,108237751,108237769
ENSG00000091129,ENST00000418239,18,108237751,108237769
ENSG00000135241,ENST00000426128,9,108487944,108487953
ENSG00000128512,ENST00000423057,27,111784096,111784123
ENSG00000128512,ENST00000428084,27,111784096,111784123
ENSG00000128512,ENST00000445943,27,111784096,111784123
ENSG00000128512,ENST00000450156,27,111784096,111784123
ENSG00000128512,ENST00000417165,27,111784096,111784123
ENSG00000128512,ENST00000494651,4,111807895,111807899
ENSG00000128512,ENST00000494651,8,111808177,111808185
ENSG00000128512,ENST00000494651,12,111808751,111808763
ENSG00000128573,ENST00000635638,3,114630610,114630613
ENSG00000128573,ENST00000635109,3,114630610,114630613
ENSG00000128573,ENST00000634623,3,114630610,114630613
ENSG00000128573,ENST00000638397,8,114631035,114631043
ENSG00000198898,ENST00000414148,15,116893030,116893045
ENSG00000196937,ENST00000359943,30,121372109,121372139
ENSG00000196937,ENST00000412653,30,121372109,121372139
ENSG00000196937,ENST00000426156,30,121372109,121372139
ENSG00000106278,ENST00000393386,21,122034094,122034115
ENSG00000081803,ENST00000313070,21,122436359,122436380
ENSG00000081803,ENST00000313070,9,122480851,122480860
ENSG00000081803,ENST00000615869,21,122436359,122436380
ENSG00000081803,ENST00000462699,9,122414067,122414076
ENSG00000081803,ENST00000462699,21,122436359,122436380
ENSG00000081803,ENST00000412584,15,122386294,122386309
ENSG00000081803,ENST00000449022,9,122414067,122414076
ENSG00000081803,ENST00000449022,9,122480851,122480860
ENSG00000106299,ENST00000223023,24,123704633,123704657
ENSG00000179603,ENST00000480995,5,126609493,126609498
ENSG00000106348,ENST00000484496,17,128393721,128393738
ENSG00000106348,ENST00000648462,17,128393721,128393738
ENSG00000128591,ENST00000325888,24,128849180,128849204
ENSG00000128591,ENST00000346177,24,128849180,128849204
ENSG00000128604,ENST00000619830,29,128947277,128947306
ENSG00000186591,ENST00000649897,22,129925527,129925549
ENSG00000285106,ENST00000643452,21,130978507,130978528
ENSG00000231721,ENST00000647288,21,130978507,130978528
ENSG00000231721,ENST00000643135,21,130978507,130978528
ENSG00000231721,ENST00000643874,21,130978507,130978528
ENSG00000106554,ENST00000448878,15,132886973,132886988
ENSG00000146857,ENST00000275764,27,135245302,135245329
ENSG00000157680,ENST00000453654,26,137444076,137444102
ENSG00000157680,ENST00000494390,26,137444076,137444102
ENSG00000157680,ENST00000288490,26,137444076,137444102
ENSG00000157680,ENST00000288490,11,137466901,137466912
ENSG00000157680,ENST00000446122,26,137444076,137444102
ENSG00000157680,ENST00000446122,11,137466901,137466912
ENSG00000157680,ENST00000424189,26,137444076,137444102
ENSG00000157680,ENST00000477835,26,137444076,137444102
ENSG00000157680,ENST00000497321,26,137444076,137444102
ENSG00000157680,ENST00000614521,26,137444076,137444102
ENSG00000157680,ENST00000614521,11,137466901,137466912
ENSG00000182158,ENST00000620715,22,137913056,137913078
ENSG00000146963,ENST00000541170,30,139412550,139412580
ENSG00000146963,ENST00000619796,30,139412550,139412580
ENSG00000146963,ENST00000354926,30,139412550,139412580
ENSG00000146963,ENST00000456182,30,139412550,139412580
ENSG00000146963,ENST00000263545,30,139412550,139412580
ENSG00000146963,ENST00000498518,30,139412550,139412580
ENSG00000269955,ENST00000541515,30,139412550,139412580
ENSG00000261115,ENST00000610315,7,141297128,141297135
ENSG00000006530,ENST00000473247,4,141562106,141562110
ENSG00000211751,ENST00000633705,18,142792521,142792539
ENSG00000211772,ENST00000466254,18,142801943,142801961
ENSG00000159840,ENST00000436448,26,143387761,143387787
ENSG00000159840,ENST00000446634,26,143387761,143387787
ENSG00000174469,ENST00000637825,30,148013170,148013200
ENSG00000197558,ENST00000378016,28,149825096,149825124
ENSG00000239911,ENST00000464464,30,151877836,151877866
ENSG00000147364,ENST00000382824,27,467719,467746
ENSG00000147364,ENST00000519376,27,467719,467746
ENSG00000036448,ENST00000262113,23,2142374,2142397
ENSG00000036448,ENST00000523438,23,2142374,2142397
ENSG00000036448,ENST00000612167,23,2142374,2142397
ENSG00000036448,ENST00000621894,23,2142374,2142397
ENSG00000036448,ENST00000520779,23,2142374,2142397
ENSG00000183117,ENST00000537824,4,3949955,3949959
ENSG00000183117,ENST00000400186,3,3613275,3613278
ENSG00000183117,ENST00000602723,3,3598303,3598306
ENSG00000183117,ENST00000520002,3,3613275,3613278
ENSG00000183117,ENST00000602557,3,3598303,3598306
ENSG00000248538,ENST00000648116,30,9193059,9193089
ENSG00000104219,ENST00000262096,27,17184788,17184815
ENSG00000104219,ENST00000522184,27,17184788,17184815
ENSG00000104763,ENST00000637528,12,18064456,18064468
ENSG00000104763,ENST00000636171,18,18064456,18064474
ENSG00000104763,ENST00000636577,15,18064456,18064471
ENSG00000104763,ENST00000314146,21,18073255,18073276
ENSG00000104763,ENST00000635769,21,18073255,18073276
ENSG00000156011,ENST00000615573,3,18557487,18557490
ENSG00000156011,ENST00000517971,22,18802330,18802352
ENSG00000158856,ENST00000381470,8,22080617,22080625
ENSG00000158856,ENST00000432128,5,22080794,22080799
ENSG00000158856,ENST00000443491,8,22080617,22080625
ENSG00000158856,ENST00000517600,8,22080617,22080625
ENSG00000158856,ENST00000523782,8,22080617,22080625
ENSG00000158856,ENST00000265800,8,22080617,22080625
ENSG00000158856,ENST00000517305,5,22080794,22080799
ENSG00000158856,ENST00000358242,5,22080794,22080799
ENSG00000158856,ENST00000523266,8,22080617,22080625
ENSG00000158856,ENST00000519907,8,22080617,22080625
ENSG00000158856,ENST00000415253,8,22080617,22080625
ENSG00000177725,ENST00000314927,15,22170063,22170078
ENSG00000177725,ENST00000314927,6,22170079,22170085
ENSG00000177725,ENST00000314927,18,22170086,22170104
ENSG00000120910,ENST00000240139,30,22539468,22539498
ENSG00000120910,ENST00000397775,27,22531301,22531328
ENSG00000120910,ENST00000397775,30,22539468,22539498
ENSG00000158941,ENST00000613179,13,22617401,22617414
ENSG00000158941,ENST00000613179,24,22617415,22617439
ENSG00000104689,ENST00000613472,12,23202647,23202659
ENSG00000147457,ENST00000519529,6,23258075,23258081
ENSG00000167034,ENST00000523261,28,23682603,23682631
ENSG00000120907,ENST00000518621,26,26853769,26853795
ENSG00000104228,ENST00000305364,23,27290155,27290178
ENSG00000104228,ENST00000521283,23,27290155,27290178
ENSG00000120899,ENST00000397501,25,27451484,27451509
ENSG00000120899,ENST00000346049,25,27451484,27451509
ENSG00000120899,ENST00000420218,25,27451484,27451509
ENSG00000120899,ENST00000517339,25,27451484,27451509
ENSG00000120915,ENST00000521400,27,27520882,27520909
ENSG00000120915,ENST00000520623,27,27520882,27520909
ENSG00000120915,ENST00000517536,27,27520882,27520909
ENSG00000120915,ENST00000521780,27,27520882,27520909
ENSG00000120915,ENST00000380476,27,27520882,27520909
ENSG00000120915,ENST00000518379,27,27520882,27520909
ENSG00000120915,ENST00000521684,27,27520882,27520909
ENSG00000120915,ENST00000523326,27,27520882,27520909
ENSG00000189233,ENST00000413272,19,28058257,28058276
ENSG00000214050,ENST00000380254,26,28429377,28429403
ENSG00000214050,ENST00000518734,26,28429377,28429403
ENSG00000197892,ENST00000524189,30,29126481,29126511
ENSG00000197892,ENST00000524189,13,29196186,29196199
ENSG00000197892,ENST00000521515,13,29196186,29196199
ENSG00000197892,ENST00000523968,13,29196186,29196199
ENSG00000157110,ENST00000523717,24,30446942,30446966
ENSG00000197265,ENST00000523499,30,30637244,30637274
ENSG00000253457,ENST00000626298,15,30643582,30643597
ENSG00000253457,ENST00000626298,16,30644509,30644525
ENSG00000104687,ENST00000221130,27,30712061,30712088
ENSG00000104687,ENST00000643653,27,30712061,30712088
ENSG00000104687,ENST00000643525,27,30712061,30712088
ENSG00000104687,ENST00000537535,27,30712061,30712088
ENSG00000104687,ENST00000541648,27,30712061,30712088
ENSG00000104687,ENST00000546342,27,30712061,30712088
ENSG00000104687,ENST00000523295,27,30712061,30712088
ENSG00000104687,ENST00000521479,27,30712061,30712088
ENSG00000104691,ENST00000615729,12,30751506,30751518
ENSG00000157168,ENST00000518104,24,32749560,32749584
ENSG00000157168,ENST00000519301,24,32749560,32749584
ENSG00000157168,ENST00000523534,24,32749560,32749584
ENSG00000157168,ENST00000287842,24,32749560,32749584
ENSG00000157168,ENST00000518084,24,32749560,32749584
ENSG00000156687,ENST00000416672,15,35721454,35721469
ENSG00000147548,ENST00000534155,28,38363872,38363900
ENSG00000197475,ENST00000497806,11,39491997,39492008
ENSG00000131203,ENST00000519154,15,39920099,39920114
ENSG00000131203,ENST00000522495,15,39920099,39920114
ENSG00000131203,ENST00000518237,15,39920099,39920114
ENSG00000131203,ENST00000521636,15,39920099,39920114
ENSG00000188676,ENST00000502986,15,39985507,39985522
ENSG00000188676,ENST00000389060,15,39985507,39985522
ENSG00000158669,ENST00000521806,23,41610598,41610621
ENSG00000029534,ENST00000265709,24,41700430,41700454
ENSG00000029534,ENST00000520299,24,41700430,41700454
ENSG00000078668,ENST00000522572,3,42396677,42396680
ENSG00000078668,ENST00000521348,3,42396677,42396680
ENSG00000078668,ENST00000518495,25,42396655,42396680
ENSG00000078668,ENST00000521158,3,42396677,42396680
ENSG00000120925,ENST00000526349,23,42887848,42887871
ENSG00000168172,ENST00000533539,6,43000270,43000276
ENSG00000023287,ENST00000521611,22,52686945,52686967
ENSG00000047249,ENST00000524164,26,53833060,53833086
ENSG00000047249,ENST00000519588,26,53832983,53833009
ENSG00000187735,ENST00000640873,8,54010286,54010294
ENSG00000206579,ENST00000622811,5,55272901,55272906
ENSG00000185728,ENST00000539294,25,63169386,63169411
ENSG00000185728,ENST00000623280,25,63169386,63169411
ENSG00000185728,ENST00000617200,25,63169386,63169411
ENSG00000185728,ENST00000519428,25,63169386,63169411
ENSG00000185728,ENST00000621957,25,63169386,63169411
ENSG00000185728,ENST00000517371,25,63169386,63169411
ENSG00000185728,ENST00000615676,25,63169386,63169411
ENSG00000185728,ENST00000621413,25,63169386,63169411
ENSG00000185728,ENST00000612880,25,63169386,63169411
ENSG00000185728,ENST00000617952,25,63169386,63169411
ENSG00000185728,ENST00000619337,25,63169386,63169411
ENSG00000185728,ENST00000621890,23,63169388,63169411
ENSG00000185728,ENST00000613853,25,63169386,63169411
ENSG00000185728,ENST00000621820,25,63169386,63169411
ENSG00000147573,ENST00000315962,23,66150216,66150239
ENSG00000147573,ENST00000353317,23,66150216,66150239
ENSG00000147573,ENST00000276573,23,66150216,66150239
ENSG00000185697,ENST00000517885,26,66597524,66597550
ENSG00000104218,ENST00000519163,24,67086822,67086846
ENSG00000165084,ENST00000518698,29,68488022,68488051
ENSG00000165084,ENST00000349492,29,68488022,68488051
ENSG00000165084,ENST00000348340,29,68488022,68488051
ENSG00000165084,ENST00000337103,29,68488022,68488051
ENSG00000165084,ENST00000521406,29,68488022,68488051
ENSG00000091656,ENST00000523809,21,76703597,76703618
ENSG00000076554,ENST00000518937,27,80050444,80050471
ENSG00000076554,ENST00000520527,27,80050444,80050471
ENSG00000076554,ENST00000517427,27,80050444,80050471
ENSG00000076554,ENST00000517462,27,80050444,80050471
ENSG00000076554,ENST00000519303,27,80050444,80050471
ENSG00000076554,ENST00000520877,27,80050444,80050471
ENSG00000076554,ENST00000521241,27,80050444,80050471
ENSG00000076554,ENST00000523753,27,80050444,80050471
ENSG00000104497,ENST00000615066,5,81802379,81802384
ENSG00000104497,ENST00000615066,3,81802385,81802388
ENSG00000104497,ENST00000615066,6,81802389,81802395
ENSG00000104325,ENST00000523447,25,90017301,90017326
ENSG00000123119,ENST00000417640,25,90801690,90801715
ENSG00000123119,ENST00000417640,26,90872127,90872153
ENSG00000123119,ENST00000522729,25,90801690,90801715
ENSG00000123119,ENST00000523962,25,90801690,90801715
ENSG00000123119,ENST00000521954,25,90801690,90801715
ENSG00000123119,ENST00000521954,26,90872127,90872153
ENSG00000188343,ENST00000523475,6,93708010,93708016
ENSG00000188343,ENST00000518829,6,93708010,93708016
ENSG00000188343,ENST00000452913,6,93708010,93708016
ENSG00000188343,ENST00000518322,6,93708010,93708016
ENSG00000188343,ENST00000523577,6,93708010,93708016
ENSG00000188343,ENST00000522803,24,93702519,93702543
ENSG00000188343,ENST00000522803,6,93708010,93708016
ENSG00000188343,ENST00000423990,6,93708010,93708016
ENSG00000188343,ENST00000620645,8,93709759,93709767
ENSG00000188343,ENST00000518116,6,93708010,93708016
ENSG00000188343,ENST00000523453,6,93708010,93708016
ENSG00000253773,ENST00000614093,10,95799257,95799267
ENSG00000156471,ENST00000522072,30,96333456,96333486
ENSG00000132561,ENST00000522025,3,97930537,97930540
ENSG00000104361,ENST00000341166,28,98193384,98193412
ENSG00000132554,ENST00000360863,29,100105373,100105402
ENSG00000132554,ENST00000617334,2,100003137,100003139
ENSG00000132554,ENST00000617334,29,100105373,100105402
ENSG00000132554,ENST00000523437,29,100105373,100105402
ENSG00000132554,ENST00000519725,29,100105373,100105402
ENSG00000132554,ENST00000519408,29,100105373,100105402
ENSG00000132554,ENST00000518719,29,100105373,100105402
ENSG00000176406,ENST00000632716,12,103716308,103716320
ENSG00000176406,ENST00000408894,30,104041328,104041358
ENSG00000147647,ENST00000521601,22,104331942,104331964
ENSG00000147677,ENST00000611080,3,116737712,116737715
ENSG00000164756,ENST00000521243,30,117146818,117146848
ENSG00000164756,ENST00000524274,30,117146818,117146848
ENSG00000164756,ENST00000521035,30,117146818,117146848
ENSG00000164756,ENST00000427715,30,117146818,117146848
ENSG00000164756,ENST00000518396,30,117146818,117146848
ENSG00000164756,ENST00000519688,30,117146818,117146848
ENSG00000136986,ENST00000259512,27,123023712,123023739
ENSG00000136986,ENST00000524119,27,123023712,123023739
ENSG00000136986,ENST00000405944,27,123023712,123023739
ENSG00000136986,ENST00000519018,27,123023712,123023739
ENSG00000136986,ENST00000523036,27,123023712,123023739
ENSG00000170873,ENST00000325064,12,124580550,124580562
ENSG00000147697,ENST00000522273,27,129751541,129751568
ENSG00000147697,ENST00000522273,30,129751861,129751891
ENSG00000147697,ENST00000276708,27,129751541,129751568
ENSG00000147697,ENST00000276708,30,129751861,129751891
ENSG00000147697,ENST00000619643,27,129751541,129751568
ENSG00000147697,ENST00000619643,30,129751861,129751891
ENSG00000153310,ENST00000615041,11,129854265,129854276
ENSG00000153310,ENST00000615041,29,129862228,129862257
ENSG00000153317,ENST00000524124,9,130160784,130160793
ENSG00000184156,ENST00000388996,27,132163467,132163494
ENSG00000184156,ENST00000621976,27,132163467,132163494
ENSG00000184156,ENST00000621976,6,132186563,132186569
ENSG00000184156,ENST00000639496,27,132163467,132163494
ENSG00000184156,ENST00000521134,27,132163467,132163494
ENSG00000184156,ENST00000519445,27,132163467,132163494
ENSG00000184156,ENST00000519589,27,132163467,132163494
ENSG00000184156,ENST00000638588,27,132163467,132163494
ENSG00000254083,ENST00000522279,17,135288095,135288112
ENSG00000254083,ENST00000524070,17,135288095,135288112
ENSG00000169436,ENST00000303045,30,138755481,138755511
ENSG00000169436,ENST00000435777,30,138755481,138755511
ENSG00000169436,ENST00000435777,20,138760242,138760262
ENSG00000167632,ENST00000648948,27,140426614,140426641
ENSG00000167632,ENST00000438773,27,140426614,140426641
ENSG00000167632,ENST00000389328,27,140426614,140426641
ENSG00000167632,ENST00000649035,27,140426614,140426641
ENSG00000169398,ENST00000523539,21,140762367,140762388
ENSG00000169398,ENST00000340930,9,140669726,140669735
ENSG00000169398,ENST00000519993,9,140669726,140669735
ENSG00000169398,ENST00000519993,21,140762367,140762388
ENSG00000169398,ENST00000519993,18,140769574,140769592
ENSG00000169398,ENST00000521986,9,140669726,140669735
ENSG00000169398,ENST00000521986,18,140769574,140769592
ENSG00000169398,ENST00000520460,9,140669726,140669735
ENSG00000169398,ENST00000519024,21,140762367,140762388
ENSG00000169398,ENST00000523474,21,140762367,140762388
ENSG00000169398,ENST00000523474,18,140769574,140769592
ENSG00000169398,ENST00000519361,21,140762367,140762388
ENSG00000169398,ENST00000520843,21,140762367,140762388
ENSG00000169398,ENST00000521172,18,140769574,140769592
ENSG00000284505,ENST00000523332,23,142775340,142775363
ENSG00000104529,ENST00000618139,14,143592646,143592660
ENSG00000181135,ENST00000508587,19,143712083,143712102
ENSG00000181085,ENST00000338033,30,143718046,143718076
ENSG00000181085,ENST00000484654,30,143718046,143718076
ENSG00000181085,ENST00000395107,30,143718046,143718076
ENSG00000181085,ENST00000395108,30,143718046,143718076
ENSG00000185189,ENST00000533093,24,143839171,143839195
ENSG00000185189,ENST00000529747,24,143839171,143839195
ENSG00000185189,ENST00000442628,24,143839171,143839195
ENSG00000185189,ENST00000532940,24,143839171,143839195
ENSG00000185189,ENST00000533846,24,143839171,143839195
ENSG00000185189,ENST00000530347,24,143839171,143839195
ENSG00000178209,ENST00000528025,15,143938400,143938415
ENSG00000179832,ENST00000528919,27,144242601,144242628
ENSG00000179832,ENST00000326134,27,144242601,144242628
ENSG00000071894,ENST00000616140,28,144401645,144401673
ENSG00000071894,ENST00000620219,28,144401645,144401673
ENSG00000071894,ENST00000531042,28,144401645,144401673
ENSG00000160948,ENST00000377348,29,144426179,144426208
ENSG00000160948,ENST00000292510,29,144426179,144426208
ENSG00000160948,ENST00000529182,29,144426179,144426208
ENSG00000160948,ENST00000526054,29,144426179,144426208
ENSG00000160948,ENST00000526204,29,144426179,144426208
ENSG00000160948,ENST00000530836,29,144426179,144426208
ENSG00000160948,ENST00000527797,29,144426179,144426208
ENSG00000160948,ENST00000533806,29,144426179,144426208
ENSG00000160948,ENST00000531032,29,144426179,144426208
ENSG00000160948,ENST00000526734,29,144426179,144426208
ENSG00000160948,ENST00000530790,29,144426179,144426208
ENSG00000160949,ENST00000613741,12,144438652,144438664
ENSG00000160949,ENST00000613741,9,144440158,144440167
ENSG00000160949,ENST00000613741,4,144441107,144441111
ENSG00000160949,ENST00000613741,29,144442166,144442195
ENSG00000173253,ENST00000302441,9,1052129,1052138
ENSG00000153707,ENST00000381196,27,8497241,8497268
ENSG00000153707,ENST00000381196,12,8523512,8523524
ENSG00000153707,ENST00000381196,18,8526626,8526644
ENSG00000153707,ENST00000381196,9,8527344,8527353
ENSG00000153707,ENST00000537002,12,8523512,8523524
ENSG00000153707,ENST00000537002,9,8527344,8527353
ENSG00000153707,ENST00000397611,12,8454579,8454591
ENSG00000153707,ENST00000397611,12,8523512,8523524
ENSG00000153707,ENST00000397611,18,8526626,8526644
ENSG00000153707,ENST00000355233,15,8454579,8454594
ENSG00000153707,ENST00000355233,12,8523512,8523524
ENSG00000153707,ENST00000355233,18,8526626,8526644
ENSG00000153707,ENST00000355233,9,8527344,8527353
ENSG00000153707,ENST00000356435,27,8497241,8497268
ENSG00000153707,ENST00000356435,12,8523512,8523524
ENSG00000153707,ENST00000356435,18,8526626,8526644
ENSG00000153707,ENST00000356435,9,8527344,8527353
ENSG00000153707,ENST00000397617,8,8525038,8525046
ENSG00000153707,ENST00000540109,27,8497241,8497268
ENSG00000153707,ENST00000540109,12,8523512,8523524
ENSG00000153707,ENST00000540109,18,8526626,8526644
ENSG00000153707,ENST00000540109,9,8527344,8527353
ENSG00000153707,ENST00000486161,12,8454579,8454591
ENSG00000153707,ENST00000486161,12,8523512,8523524
ENSG00000153707,ENST00000486161,18,8526626,8526644
ENSG00000153707,ENST00000486161,9,8527344,8527353
ENSG00000153707,ENST00000397606,9,8527344,8527353
ENSG00000153707,ENST00000637354,12,8454579,8454591
ENSG00000147862,ENST00000637742,5,14093459,14093464
ENSG00000205442,ENST00000543880,18,24544742,24544760
ENSG00000174482,ENST00000613945,18,28129655,28129673
ENSG00000174482,ENST00000308675,23,28129650,28129673
ENSG00000122735,ENST00000488369,28,34489173,34489201
ENSG00000213930,ENST00000473506,27,34647540,34647567
ENSG00000213930,ENST00000557541,27,34647540,34647567
ENSG00000137070,ENST00000478802,22,34657313,34657335
ENSG00000198722,ENST00000619578,30,35228014,35228044
ENSG00000198722,ENST00000617908,30,35228014,35228044
ENSG00000198722,ENST00000617908,6,35371933,35371939
ENSG00000198722,ENST00000396787,30,35228014,35228044
ENSG00000198722,ENST00000635942,30,35228014,35228044
ENSG00000198722,ENST00000378495,30,35228014,35228044
ENSG00000198722,ENST00000634487,30,35228014,35228044
ENSG00000198722,ENST00000634487,23,35364544,35364567
ENSG00000198722,ENST00000634487,6,35371933,35371939
ENSG00000198722,ENST00000378496,30,35228014,35228044
ENSG00000198722,ENST00000378496,23,35364544,35364567
ENSG00000198722,ENST00000485086,30,35228014,35228044
ENSG00000198722,ENST00000636694,23,35364544,35364567
ENSG00000215187,ENST00000619051,22,35562379,35562401
ENSG00000137101,ENST00000612238,12,35618507,35618519
ENSG00000107159,ENST00000378357,30,35675537,35675567
ENSG00000107159,ENST00000378357,27,35680112,35680139
ENSG00000107159,ENST00000617161,30,35675537,35675567
ENSG00000107159,ENST00000493245,27,35680112,35680139
ENSG00000285645,ENST00000650284,20,35819374,35819394
ENSG00000183148,ENST00000377601,29,40251256,40251285
ENSG00000183148,ENST00000477139,29,40251256,40251285
ENSG00000236816,ENST00000402318,29,42880629,42880658
ENSG00000172014,ENST00000357336,29,64397556,64397585
ENSG00000276203,ENST00000611388,29,66124958,66124987
ENSG00000276203,ENST00000613914,29,66124958,66124987
ENSG00000260691,ENST00000562196,29,67887275,67887304
ENSG00000260691,ENST00000622129,29,67887275,67887304
ENSG00000083067,ENST00000377110,30,70621243,70621273
ENSG00000083067,ENST00000377111,30,70621243,70621273
ENSG00000083067,ENST00000377105,30,70621243,70621273
ENSG00000083067,ENST00000396285,30,70621243,70621273
ENSG00000083067,ENST00000396292,30,70621243,70621273
ENSG00000083067,ENST00000408909,30,70621243,70621273
ENSG00000119125,ENST00000545168,28,72219478,72219506
ENSG00000119125,ENST00000545168,28,72247405,72247433
ENSG00000119125,ENST00000238018,28,72219478,72219506
ENSG00000119125,ENST00000238018,28,72247405,72247433
ENSG00000119125,ENST00000376986,28,72219478,72219506
ENSG00000119125,ENST00000376986,28,72247405,72247433
ENSG00000119125,ENST00000358399,28,72219478,72219506
ENSG00000119125,ENST00000358399,28,72247405,72247433
ENSG00000119125,ENST00000475764,28,72219478,72219506
ENSG00000119125,ENST00000475764,28,72247405,72247433
ENSG00000119125,ENST00000477618,28,72219478,72219506
ENSG00000119125,ENST00000414671,28,72219478,72219506
ENSG00000119125,ENST00000489618,28,72247405,72247433
ENSG00000119125,ENST00000436438,28,72247405,72247433
ENSG00000165091,ENST00000497073,12,72578333,72578345
ENSG00000119121,ENST00000360774,26,74747888,74747914
ENSG00000119121,ENST00000361255,26,74747888,74747914
ENSG00000119121,ENST00000449912,26,74747888,74747914
ENSG00000106772,ENST00000466266,11,76637538,76637549
ENSG00000106772,ENST00000223609,15,76637534,76637549
ENSG00000106772,ENST00000443509,9,76641971,76641980
ENSG00000106772,ENST00000426088,9,76641971,76641980
ENSG00000106772,ENST00000424866,9,76641971,76641980
ENSG00000148019,ENST00000643347,18,78250245,78250263
ENSG00000148019,ENST00000647199,18,78250245,78250263
ENSG00000148019,ENST00000642654,18,78250245,78250263
ENSG00000148019,ENST00000643847,18,78250245,78250263
ENSG00000148019,ENST00000643499,18,78250245,78250263
ENSG00000148019,ENST00000642214,18,78250245,78250263
ENSG00000148019,ENST00000644208,18,78250245,78250263
ENSG00000148019,ENST00000376598,18,78250245,78250263
ENSG00000106829,ENST00000376552,17,79654058,79654075
ENSG00000106829,ENST00000376544,17,79654058,79654075
ENSG00000106829,ENST00000470872,17,79654058,79654075
ENSG00000106829,ENST00000435650,17,79654058,79654075
ENSG00000106829,ENST00000376537,17,79654058,79654075
ENSG00000106829,ENST00000462803,17,79654058,79654075
ENSG00000106829,ENST00000265284,17,79654058,79654075
ENSG00000106829,ENST00000428713,17,79654058,79654075
ENSG00000106829,ENST00000490347,17,79654058,79654075
ENSG00000106829,ENST00000493163,17,79654058,79654075
ENSG00000196781,ENST00000376499,17,81633347,81633364
ENSG00000196781,ENST00000418319,17,81633347,81633364
ENSG00000165113,ENST00000376371,23,83780381,83780404
ENSG00000165113,ENST00000376365,23,83780381,83780404
ENSG00000165113,ENST00000388782,23,83780381,83780404
ENSG00000165119,ENST00000376281,16,83970896,83970912
ENSG00000165119,ENST00000376263,16,83970896,83970912
ENSG00000165119,ENST00000351839,16,83970896,83970912
ENSG00000165119,ENST00000360384,16,83970896,83970912
ENSG00000165119,ENST00000481820,16,83970896,83970912
ENSG00000165119,ENST00000457156,16,83970896,83970912
ENSG00000196730,ENST00000358077,27,87639788,87639815
ENSG00000196730,ENST00000472284,27,87639788,87639815
ENSG00000196730,ENST00000469640,27,87639788,87639815
ENSG00000196730,ENST00000469067,27,87639788,87639815
ENSG00000196730,ENST00000408954,27,87639788,87639815
ENSG00000196730,ENST00000622514,27,87639788,87639815
ENSG00000196730,ENST00000491893,27,87639788,87639815
ENSG00000196730,ENST00000489291,27,87639788,87639815
ENSG00000130045,ENST00000618633,5,88538387,88538392
ENSG00000196305,ENST00000443024,17,92210872,92210889
ENSG00000127081,ENST00000395506,26,92862139,92862165
ENSG00000165238,ENST00000427277,24,93292992,93293016
ENSG00000048828,ENST00000475933,21,93530710,93530731
ENSG00000197724,ENST00000375376,6,93653266,93653272
ENSG00000254876,ENST00000527128,17,97251540,97251557
ENSG00000254876,ENST00000375204,17,97251540,97251557
ENSG00000255036,ENST00000375206,17,97251540,97251557
ENSG00000255036,ENST00000534123,17,97251540,97251557
ENSG00000255036,ENST00000532526,17,97251540,97251557
ENSG00000204291,ENST00000610452,7,98997852,98997859
ENSG00000251349,ENST00000502978,27,100513306,100513333
ENSG00000241697,ENST00000374879,27,100513306,100513333
ENSG00000106701,ENST00000495708,23,105479353,105479376
ENSG00000106701,ENST00000374710,23,105479353,105479376
ENSG00000106701,ENST00000481272,23,105479353,105479376
ENSG00000106701,ENST00000484973,23,105479353,105479376
ENSG00000106701,ENST00000394926,23,105479353,105479376
ENSG00000106771,ENST00000374586,24,109085996,109086020
ENSG00000243444,ENST00000374531,22,109925060,109925082
ENSG00000243444,ENST00000483909,22,109925060,109925082
ENSG00000243444,ENST00000314527,22,109925060,109925082
ENSG00000243444,ENST00000497711,22,109925060,109925082
ENSG00000157654,ENST00000374530,22,109925060,109925082
ENSG00000157654,ENST00000413420,22,109925060,109925082
ENSG00000157654,ENST00000302798,22,109925060,109925082
ENSG00000030304,ENST00000374448,7,110762201,110762208
ENSG00000030304,ENST00000374448,24,110776631,110776655
ENSG00000030304,ENST00000416899,7,110762201,110762208
ENSG00000030304,ENST00000189978,30,110728687,110728717
ENSG00000030304,ENST00000189978,7,110762201,110762208
ENSG00000030304,ENST00000374440,30,110728687,110728717
ENSG00000030304,ENST00000634612,27,110728690,110728717
ENSG00000030304,ENST00000634612,7,110762201,110762208
ENSG00000198121,ENST00000541779,28,110945373,110945401
ENSG00000119411,ENST00000374183,26,113362368,113362394
ENSG00000119411,ENST00000462085,26,113362368,113362394
ENSG00000136883,ENST00000643988,20,114092154,114092174
ENSG00000196739,ENST00000356083,18,114301444,114301462
ENSG00000196739,ENST00000356083,27,114302081,114302108
ENSG00000196739,ENST00000494090,18,114301444,114301462
ENSG00000196739,ENST00000494090,27,114302081,114302108
ENSG00000136861,ENST00000481266,30,120528743,120528773
ENSG00000136861,ENST00000481266,12,120528892,120528904
ENSG00000136935,ENST00000485337,23,124900524,124900547
ENSG00000119414,ENST00000451402,29,125188918,125188947
ENSG00000136895,ENST00000439286,27,127325068,127325095
ENSG00000136895,ENST00000435213,27,127325068,127325095
ENSG00000136895,ENST00000373387,27,127325068,127325095
ENSG00000136895,ENST00000373386,27,127325068,127325095
ENSG00000136895,ENST00000495172,27,127325068,127325095
ENSG00000148356,ENST00000300417,30,127478933,127478963
ENSG00000148356,ENST00000373324,30,127478933,127478963
ENSG00000148356,ENST00000323301,30,127478933,127478963
ENSG00000148356,ENST00000373322,30,127478933,127478963
ENSG00000148356,ENST00000498513,30,127478933,127478963
ENSG00000136830,ENST00000484348,24,127508421,127508445
ENSG00000136854,ENST00000637060,23,127654941,127654964
ENSG00000167103,ENST00000495448,22,127925957,127925979
ENSG00000167103,ENST00000497234,22,127925957,127925979
ENSG00000167103,ENST00000476624,22,127925957,127925979
ENSG00000167106,ENST00000373095,30,127953574,127953604
ENSG00000167106,ENST00000479828,30,127953574,127953604
ENSG00000148346,ENST00000470902,27,128153099,128153126
ENSG00000148346,ENST00000277480,27,128153099,128153126
ENSG00000148346,ENST00000372998,13,128151448,128151461
ENSG00000148346,ENST00000488391,27,128153099,128153126
ENSG00000148337,ENST00000393608,26,128190687,128190713
ENSG00000148337,ENST00000476727,16,128170019,128170035
ENSG00000148337,ENST00000476727,28,128190328,128190356
ENSG00000106976,ENST00000372923,12,128239984,128239996
ENSG00000106976,ENST00000372923,12,128247923,128247935
ENSG00000106976,ENST00000475805,12,128239984,128239996
ENSG00000106976,ENST00000475805,12,128247923,128247935
ENSG00000106976,ENST00000341179,12,128239984,128239996
ENSG00000106976,ENST00000341179,12,128247923,128247935
ENSG00000106976,ENST00000393594,12,128239984,128239996
ENSG00000106976,ENST00000393594,12,128247923,128247935
ENSG00000106976,ENST00000628346,12,128247923,128247935
ENSG00000106976,ENST00000486160,12,128239984,128239996
ENSG00000106976,ENST00000486160,12,128247923,128247935
ENSG00000106976,ENST00000627061,12,128239984,128239996
ENSG00000106976,ENST00000627061,12,128247923,128247935
ENSG00000106976,ENST00000627543,12,128239984,128239996
ENSG00000106976,ENST00000627543,12,128247923,128247935
ENSG00000106976,ENST00000634267,12,128239984,128239996
ENSG00000106976,ENST00000634267,12,128247923,128247935
ENSG00000106976,ENST00000637999,12,128239984,128239996
ENSG00000106976,ENST00000441149,12,128239984,128239996
ENSG00000106976,ENST00000482638,12,128239984,128239996
ENSG00000106976,ENST00000463998,12,128239984,128239996
ENSG00000167114,ENST00000372870,13,128355177,128355190
ENSG00000167123,ENST00000612334,4,128429032,128429036
ENSG00000119392,ENST00000494417,27,128532664,128532691
ENSG00000197694,ENST00000372731,24,128598962,128598986
ENSG00000197694,ENST00000372731,18,128627924,128627942
ENSG00000197694,ENST00000630804,24,128598962,128598986
ENSG00000197694,ENST00000630804,15,128609650,128609665
ENSG00000197694,ENST00000630804,18,128627924,128627942
ENSG00000197694,ENST00000372739,24,128598962,128598986
ENSG00000197694,ENST00000372739,15,128609650,128609665
ENSG00000197694,ENST00000372739,18,128627924,128627942
ENSG00000197694,ENST00000358161,24,128598962,128598986
ENSG00000197694,ENST00000358161,18,128627924,128627942
ENSG00000197694,ENST00000630866,24,128598962,128598986
ENSG00000197694,ENST00000630866,15,128609650,128609665
ENSG00000197694,ENST00000630866,18,128627924,128627942
ENSG00000197694,ENST00000635806,24,128598962,128598986
ENSG00000197694,ENST00000636939,18,128627924,128627942
ENSG00000175287,ENST00000372592,22,128937756,128937778
ENSG00000175287,ENST00000353176,22,128937756,128937778
ENSG00000175287,ENST00000426694,22,128937756,128937778
ENSG00000175287,ENST00000421063,22,128937756,128937778
ENSG00000175287,ENST00000424503,22,128937756,128937778
ENSG00000148341,ENST00000372564,24,129010669,129010693
ENSG00000148341,ENST00000479237,15,129009452,129009467
ENSG00000148341,ENST00000372559,24,129010669,129010693
ENSG00000148341,ENST00000372554,15,129009452,129009467
ENSG00000148341,ENST00000372554,24,129010669,129010693
ENSG00000148341,ENST00000372554,12,129013007,129013019
ENSG00000148341,ENST00000417224,15,129009452,129009467
ENSG00000148341,ENST00000417224,24,129010669,129010693
ENSG00000148341,ENST00000416629,24,129010669,129010693
ENSG00000148341,ENST00000455407,24,129010669,129010693
ENSG00000148341,ENST00000483980,24,129010669,129010693
ENSG00000136878,ENST00000474895,12,129868861,129868873
ENSG00000187239,ENST00000446176,15,129915965,129915980
ENSG00000187239,ENST00000355681,15,129915965,129915980
ENSG00000107130,ENST00000372398,25,130200957,130200982
ENSG00000107130,ENST00000493042,25,130200957,130200982
ENSG00000107130,ENST00000630865,25,130200957,130200982
ENSG00000126878,ENST00000372302,18,131114576,131114594
ENSG00000126883,ENST00000359428,25,131232283,131232308
ENSG00000126883,ENST00000411637,25,131232283,131232308
ENSG00000126883,ENST00000451030,25,131232283,131232308
ENSG00000126883,ENST00000453861,25,131232283,131232308
ENSG00000126883,ENST00000483497,25,131232283,131232308
ENSG00000126883,ENST00000528406,25,131232283,131232308
ENSG00000196358,ENST00000372179,24,132230571,132230595
ENSG00000196358,ENST00000393229,24,132230571,132230595
ENSG00000165702,ENST00000339463,22,132972724,132972746
ENSG00000148308,ENST00000372108,21,133054943,133054964
ENSG00000148308,ENST00000342018,21,133054943,133054964
ENSG00000171102,ENST00000372034,24,133205916,133205940
ENSG00000171102,ENST00000473737,24,133205916,133205940
ENSG00000171102,ENST00000461961,24,133205916,133205940
ENSG00000171102,ENST00000618116,24,133205916,133205940
ENSG00000171102,ENST00000372032,3,133205411,133205414
ENSG00000171102,ENST00000372032,24,133205916,133205940
ENSG00000175164,ENST00000611156,19,133257523,133257542
ENSG00000175164,ENST00000538324,19,133257523,133257542
ENSG00000160293,ENST00000406606,22,133779917,133779939
ENSG00000160293,ENST00000406606,17,133780693,133780710
ENSG00000160293,ENST00000371850,22,133779917,133779939
ENSG00000160293,ENST00000371850,17,133780693,133780710
ENSG00000160293,ENST00000371850,15,133787245,133787260
ENSG00000160293,ENST00000371850,15,133810190,133810205
ENSG00000160293,ENST00000371851,22,133779917,133779939
ENSG00000160293,ENST00000371851,17,133780693,133780710
ENSG00000224682,ENST00000449637,27,135449305,135449332
ENSG00000160349,ENST00000263598,27,135525131,135525158
ENSG00000160349,ENST00000371781,27,135525131,135525158
ENSG00000122136,ENST00000537747,24,135549307,135549331
ENSG00000122136,ENST00000340780,24,135549307,135549331
ENSG00000122136,ENST00000471886,24,135549307,135549331
ENSG00000122136,ENST00000342114,24,135549307,135549331
ENSG00000122136,ENST00000371776,24,135549307,135549331
ENSG00000122136,ENST00000619164,28,135549307,135549335
ENSG00000122136,ENST00000539850,24,135549307,135549331
ENSG00000122133,ENST00000479141,17,135565784,135565801
ENSG00000122133,ENST00000454923,17,135565784,135565801
ENSG00000122133,ENST00000457014,17,135565784,135565801
ENSG00000107147,ENST00000487664,21,135785309,135785330
ENSG00000107147,ENST00000628528,21,135785309,135785330
ENSG00000107147,ENST00000371757,21,135785309,135785330
ENSG00000107147,ENST00000460750,21,135785309,135785330
ENSG00000107147,ENST00000486577,21,135785309,135785330
ENSG00000107147,ENST00000630792,21,135785309,135785330
ENSG00000107147,ENST00000263604,21,135785309,135785330
ENSG00000107147,ENST00000491806,21,135785309,135785330
ENSG00000107147,ENST00000631073,21,135785309,135785330
ENSG00000107147,ENST00000490355,21,135785309,135785330
ENSG00000187796,ENST00000371734,7,136364552,136364559
ENSG00000165684,ENST00000298532,28,136379836,136379864
ENSG00000204003,ENST00000435202,26,136744338,136744364
ENSG00000204003,ENST00000480584,26,136744338,136744364
ENSG00000267206,ENST00000341206,26,136744338,136744364
ENSG00000267206,ENST00000471509,26,136744338,136744364
ENSG00000267206,ENST00000497749,26,136744338,136744364
ENSG00000267206,ENST00000494091,26,136744338,136744364
ENSG00000204001,ENST00000480597,26,136755134,136755160
ENSG00000204001,ENST00000479767,26,136755134,136755160
ENSG00000204001,ENST00000371688,26,136755134,136755160
ENSG00000204001,ENST00000612714,26,136755134,136755160
ENSG00000107317,ENST00000371625,23,136980832,136980855
ENSG00000107317,ENST00000492068,23,136980832,136980855
ENSG00000284341,ENST00000471521,23,136980832,136980855
ENSG00000107331,ENST00000341511,3,137023837,137023840
ENSG00000107331,ENST00000614293,2,137023058,137023060
ENSG00000107331,ENST00000265662,2,137023058,137023060
ENSG00000107331,ENST00000494046,3,137023837,137023840
ENSG00000107331,ENST00000476211,3,137023837,137023840
ENSG00000107331,ENST00000625103,3,137023837,137023840
ENSG00000261793,ENST00000568665,30,137171413,137171443
ENSG00000185863,ENST00000413619,30,137171413,137171443
ENSG00000185863,ENST00000535352,30,137171413,137171443
ENSG00000188566,ENST00000612145,29,137206280,137206309
ENSG00000188747,ENST00000341349,26,137431074,137431100
ENSG00000188747,ENST00000392815,26,137431074,137431100
ENSG00000165802,ENST00000437259,6,137455628,137455634
ENSG00000165802,ENST00000371473,6,137455628,137455634
ENSG00000165802,ENST00000371475,6,137455628,137455634
ENSG00000148399,ENST00000460572,27,137577576,137577603
ENSG00000148408,ENST00000277551,6,138069757,138069763
ENSG00000148408,ENST00000371372,6,138069757,138069763
ENSG00000148408,ENST00000371355,6,138069757,138069763
ENSG00000151240,ENST00000634311,30,311536,311566
ENSG00000108021,ENST00000328090,20,5720754,5720774
ENSG00000108021,ENST00000645567,20,5720754,5720774
ENSG00000170525,ENST00000467491,23,6228195,6228218
ENSG00000170525,ENST00000490474,23,6228195,6228218
ENSG00000170525,ENST00000379785,23,6228195,6228218
ENSG00000170525,ENST00000626882,23,6228195,6228218
ENSG00000170525,ENST00000360521,23,6228195,6228218
ENSG00000170525,ENST00000414237,23,6228195,6228218
ENSG00000223784,ENST00000649511,21,6734891,6734912
ENSG00000165609,ENST00000491614,9,12170899,12170908
ENSG00000165609,ENST00000378937,9,12170899,12170908
ENSG00000165609,ENST00000537776,13,12170899,12170912
ENSG00000165609,ENST00000378952,9,12170899,12170908
ENSG00000165609,ENST00000378940,9,12170899,12170908
ENSG00000151465,ENST00000281141,29,12238456,12238485
ENSG00000151465,ENST00000455773,29,12238456,12238485
ENSG00000151465,ENST00000378900,29,12238456,12238485
ENSG00000151465,ENST00000498747,29,12238456,12238485
ENSG00000151465,ENST00000440613,29,12238456,12238485
ENSG00000165630,ENST00000417658,27,13597644,13597671
ENSG00000151474,ENST00000357447,23,13761646,13761669
ENSG00000151474,ENST00000264546,23,13761646,13761669
ENSG00000151474,ENST00000342409,23,13761646,13761669
ENSG00000152464,ENST00000378201,19,15104436,15104455
ENSG00000165996,ENST00000361271,19,17603725,17603744
ENSG00000165996,ENST00000466335,19,17603725,17603744
ENSG00000165995,ENST00000643096,20,18514510,18514530
ENSG00000165995,ENST00000644004,20,18514510,18514530
ENSG00000165995,ENST00000377319,20,18514510,18514530
ENSG00000165995,ENST00000643330,20,18514510,18514530
ENSG00000165995,ENST00000647168,20,18514510,18514530
ENSG00000165995,ENST00000377331,20,18514510,18514530
ENSG00000107863,ENST00000396432,30,24622732,24622762
ENSG00000107863,ENST00000396432,25,24666984,24667009
ENSG00000107863,ENST00000612832,8,24605766,24605774
ENSG00000107863,ENST00000612832,25,24666984,24667009
ENSG00000107863,ENST00000320481,4,24596851,24596855
ENSG00000107863,ENST00000320481,25,24666984,24667009
ENSG00000107863,ENST00000376410,25,24666984,24667009
ENSG00000107863,ENST00000446003,30,24622732,24622762
ENSG00000107863,ENST00000446003,25,24666984,24667009
ENSG00000107863,ENST00000476499,25,24666984,24667009
ENSG00000107863,ENST00000416305,25,24666984,24667009
ENSG00000107863,ENST00000636842,25,24666984,24667009
ENSG00000099256,ENST00000320152,18,24858391,24858409
ENSG00000099256,ENST00000376378,18,24858391,24858409
ENSG00000136754,ENST00000376170,15,26771074,26771089
ENSG00000136754,ENST00000376142,15,26771074,26771089
ENSG00000136754,ENST00000359188,15,26771074,26771089
ENSG00000136754,ENST00000376138,15,26771074,26771089
ENSG00000136754,ENST00000536334,15,26771074,26771089
ENSG00000136754,ENST00000376137,15,26771074,26771089
ENSG00000136754,ENST00000346832,15,26771074,26771089
ENSG00000136754,ENST00000376140,15,26771074,26771089
ENSG00000107890,ENST00000436985,29,27060511,27060540
ENSG00000107890,ENST00000376087,29,27060511,27060540
ENSG00000150054,ENST00000441595,14,28120193,28120207
ENSG00000241621,ENST00000340929,27,30370716,30370743
ENSG00000165322,ENST00000375245,15,31839304,31839319
ENSG00000165322,ENST00000344936,15,31839304,31839319
ENSG00000216937,ENST00000476558,21,32462682,32462703
ENSG00000216937,ENST00000277657,21,32462682,32462703
ENSG00000216937,ENST00000362006,21,32462682,32462703
ENSG00000216937,ENST00000545067,21,32462682,32462703
ENSG00000216937,ENST00000539197,21,32462682,32462703
ENSG00000216937,ENST00000535327,21,32462682,32462703
ENSG00000216937,ENST00000537047,21,32462682,32462703
ENSG00000216937,ENST00000639629,21,32462682,32462703
ENSG00000148513,ENST00000611781,29,37149650,37149679
ENSG00000148513,ENST00000611781,29,37158391,37158420
ENSG00000148513,ENST00000611781,29,37162648,37162677
ENSG00000148513,ENST00000611781,29,37181321,37181350
ENSG00000148513,ENST00000611781,29,37185512,37185541
ENSG00000148513,ENST00000611781,29,37193063,37193092
ENSG00000148513,ENST00000611781,29,37197280,37197309
ENSG00000148513,ENST00000374660,29,37149650,37149679
ENSG00000148513,ENST00000374660,29,37158391,37158420
ENSG00000148513,ENST00000374660,29,37162648,37162677
ENSG00000148513,ENST00000374660,29,37169529,37169558
ENSG00000148513,ENST00000374660,29,37173711,37173740
ENSG00000148513,ENST00000374660,29,37181321,37181350
ENSG00000148513,ENST00000374660,29,37185512,37185541
ENSG00000148513,ENST00000374660,29,37193063,37193092
ENSG00000148513,ENST00000374660,29,37197280,37197309
ENSG00000148513,ENST00000602533,29,37149650,37149679
ENSG00000148513,ENST00000602533,29,37158391,37158420
ENSG00000148513,ENST00000602533,29,37162648,37162677
ENSG00000148513,ENST00000602533,29,37181321,37181350
ENSG00000148513,ENST00000602533,29,37185512,37185541
ENSG00000148513,ENST00000602533,29,37193063,37193092
ENSG00000148513,ENST00000602533,29,37197280,37197309
ENSG00000148513,ENST00000361713,29,37149650,37149679
ENSG00000148513,ENST00000361713,29,37158391,37158420
ENSG00000148513,ENST00000361713,29,37162648,37162677
ENSG00000148513,ENST00000361713,29,37169529,37169558
ENSG00000148513,ENST00000361713,29,37173711,37173740
ENSG00000148513,ENST00000361713,29,37193063,37193092
ENSG00000148513,ENST00000361713,29,37197280,37197309
ENSG00000148513,ENST00000475522,29,37185512,37185541
ENSG00000148513,ENST00000475522,29,37193063,37193092
ENSG00000175395,ENST00000374633,23,37967916,37967939
ENSG00000165731,ENST00000615310,26,43111206,43111232
ENSG00000150201,ENST00000476166,27,43374612,43374639
ENSG00000150201,ENST00000616495,27,43374612,43374639
ENSG00000150201,ENST00000480834,27,43374612,43374639
ENSG00000150201,ENST00000479189,27,43374612,43374639
ENSG00000188234,ENST00000618171,3,45826041,45826044
ENSG00000107643,ENST00000360332,27,48426043,48426070
ENSG00000204161,ENST00000374151,24,49161598,49161622
ENSG00000204161,ENST00000374156,24,49161598,49161622
ENSG00000204161,ENST00000374153,24,49161598,49161622
ENSG00000204161,ENST00000488276,24,49161598,49161622
ENSG00000204161,ENST00000474718,24,49161598,49161622
ENSG00000204161,ENST00000453436,24,49161598,49161622
ENSG00000099290,ENST00000434114,18,50078674,50078692
ENSG00000231131,ENST00000647908,27,52556524,52556551
ENSG00000150275,ENST00000373965,6,53825135,53825141
ENSG00000150275,ENST00000373965,9,53828564,53828573
ENSG00000150275,ENST00000644397,19,53817994,53818013
ENSG00000150275,ENST00000644397,9,53828564,53828573
ENSG00000150275,ENST00000614895,10,53831300,53831310
ENSG00000150275,ENST00000614895,15,54528387,54528402
ENSG00000150275,ENST00000414778,10,53831300,53831310
ENSG00000150275,ENST00000616114,9,53828564,53828573
ENSG00000150275,ENST00000621708,6,53825135,53825141
ENSG00000150275,ENST00000621708,9,53828564,53828573
ENSG00000150275,ENST00000621708,15,54528387,54528402
ENSG00000150275,ENST00000495484,19,53817994,53818013
ENSG00000150275,ENST00000642496,19,53817994,53818013
ENSG00000150275,ENST00000642496,9,53828564,53828573
ENSG00000150275,ENST00000618301,19,53817994,53818013
ENSG00000150275,ENST00000618301,9,53828564,53828573
ENSG00000150275,ENST00000617271,6,53825135,53825141
ENSG00000150275,ENST00000617271,9,53828564,53828573
ENSG00000150275,ENST00000409834,6,53825135,53825141
ENSG00000150275,ENST00000409834,9,53828564,53828573
ENSG00000150275,ENST00000409834,21,54189363,54189384
ENSG00000150275,ENST00000414367,9,53828564,53828573
ENSG00000150275,ENST00000613657,6,53825135,53825141
ENSG00000150275,ENST00000613657,9,53828564,53828573
ENSG00000150275,ENST00000613657,21,54189363,54189384
ENSG00000150275,ENST00000613657,15,54528387,54528402
ENSG00000150275,ENST00000395445,9,53828564,53828573
ENSG00000150275,ENST00000395445,21,54189363,54189384
ENSG00000150275,ENST00000395438,10,53831300,53831310
ENSG00000150275,ENST00000612394,10,53831300,53831310
ENSG00000150275,ENST00000612394,21,54189363,54189384
ENSG00000150275,ENST00000612394,15,54528387,54528402
ENSG00000150275,ENST00000617051,10,53831300,53831310
ENSG00000150275,ENST00000617051,15,54528387,54528402
ENSG00000150275,ENST00000622048,10,53831300,53831310
ENSG00000150275,ENST00000361849,6,53825135,53825141
ENSG00000150275,ENST00000361849,9,53828564,53828573
ENSG00000150275,ENST00000395433,6,53825135,53825141
ENSG00000150275,ENST00000373956,9,53828564,53828573
ENSG00000150275,ENST00000373957,6,53825135,53825141
ENSG00000150275,ENST00000373957,9,53828564,53828573
ENSG00000150275,ENST00000373957,15,54528387,54528402
ENSG00000150275,ENST00000448885,6,53825135,53825141
ENSG00000150275,ENST00000448885,9,53828564,53828573
ENSG00000150275,ENST00000437009,6,53825135,53825141
ENSG00000150275,ENST00000437009,9,53828564,53828573
ENSG00000150275,ENST00000463095,9,53828564,53828573
ENSG00000150275,ENST00000320301,9,53828564,53828573
ENSG00000151150,ENST00000280772,27,60082149,60082176
ENSG00000151150,ENST00000373820,27,60082149,60082176
ENSG00000151150,ENST00000616444,27,60082149,60082176
ENSG00000151150,ENST00000622427,12,60137341,60137353
ENSG00000151150,ENST00000618080,12,60137341,60137353
ENSG00000170312,ENST00000614696,7,60792122,60792129
ENSG00000233643,ENST00000441001,22,61820133,61820155
ENSG00000148634,ENST00000277817,24,67959112,67959136
ENSG00000148634,ENST00000412272,24,67959112,67959136
ENSG00000148634,ENST00000412272,30,68073656,68073686
ENSG00000148634,ENST00000395198,24,67959112,67959136
ENSG00000148634,ENST00000395198,30,68073656,68073686
ENSG00000148634,ENST00000473533,30,68073656,68073686
ENSG00000148634,ENST00000373700,30,68073656,68073686
ENSG00000148634,ENST00000513996,30,68073656,68073686
ENSG00000148634,ENST00000395185,30,68073656,68073686
ENSG00000148634,ENST00000505760,30,68073656,68073686
ENSG00000148634,ENST00000492996,30,68073656,68073686
ENSG00000148634,ENST00000506515,30,68073656,68073686
ENSG00000138347,ENST00000540630,24,68161728,68161752
ENSG00000138347,ENST00000354393,24,68161728,68161752
ENSG00000138347,ENST00000358913,24,68161728,68161752
ENSG00000138347,ENST00000613327,24,68161728,68161752
ENSG00000108187,ENST00000336578,30,68292009,68292039
ENSG00000108187,ENST00000358769,30,68292009,68292039
ENSG00000108187,ENST00000309049,30,68292009,68292039
ENSG00000108187,ENST00000495025,30,68292009,68292039
ENSG00000108187,ENST00000277795,30,68292009,68292039
ENSG00000107625,ENST00000610822,28,68936935,68936963
ENSG00000107625,ENST00000610822,24,68936967,68936991
ENSG00000107625,ENST00000610822,15,68941096,68941111
ENSG00000107625,ENST00000610822,5,68941189,68941194
ENSG00000198954,ENST00000637104,26,68989716,68989742
ENSG00000197467,ENST00000645393,8,69867797,69867805
ENSG00000197467,ENST00000645393,27,69872183,69872210
ENSG00000197467,ENST00000645393,27,69878038,69878065
ENSG00000197467,ENST00000645393,27,69888303,69888330
ENSG00000197467,ENST00000645393,27,69889413,69889440
ENSG00000197467,ENST00000645393,27,69894551,69894578
ENSG00000197467,ENST00000645393,27,69894674,69894701
ENSG00000197467,ENST00000645393,27,69895549,69895576
ENSG00000197467,ENST00000645393,27,69904932,69904959
ENSG00000197467,ENST00000645393,27,69919061,69919088
ENSG00000197467,ENST00000645393,24,69927086,69927110
ENSG00000197467,ENST00000645393,27,69936755,69936782
ENSG00000197467,ENST00000479733,8,69867797,69867805
ENSG00000197467,ENST00000479733,27,69872183,69872210
ENSG00000197467,ENST00000479733,27,69878038,69878065
ENSG00000197467,ENST00000479733,27,69888303,69888330
ENSG00000197467,ENST00000479733,27,69889413,69889440
ENSG00000197467,ENST00000479733,27,69894551,69894578
ENSG00000197467,ENST00000479733,27,69894674,69894701
ENSG00000197467,ENST00000479733,27,69895549,69895576
ENSG00000197467,ENST00000479733,27,69904932,69904959
ENSG00000197467,ENST00000479733,27,69919061,69919088
ENSG00000197467,ENST00000479733,24,69927086,69927110
ENSG00000197467,ENST00000479733,27,69936755,69936782
ENSG00000197467,ENST00000398978,8,69867797,69867805
ENSG00000197467,ENST00000398978,27,69872183,69872210
ENSG00000197467,ENST00000398978,27,69888303,69888330
ENSG00000197467,ENST00000398978,27,69889413,69889440
ENSG00000197467,ENST00000398978,27,69894551,69894578
ENSG00000197467,ENST00000398978,27,69894674,69894701
ENSG00000197467,ENST00000398978,27,69895549,69895576
ENSG00000197467,ENST00000398978,27,69904932,69904959
ENSG00000197467,ENST00000398978,27,69919061,69919088
ENSG00000197467,ENST00000398978,24,69927086,69927110
ENSG00000197467,ENST00000398978,27,69936755,69936782
ENSG00000197467,ENST00000354547,8,69867797,69867805
ENSG00000197467,ENST00000354547,27,69872183,69872210
ENSG00000197467,ENST00000354547,27,69888303,69888330
ENSG00000197467,ENST00000354547,27,69889413,69889440
ENSG00000197467,ENST00000354547,27,69894551,69894578
ENSG00000197467,ENST00000354547,27,69894674,69894701
ENSG00000197467,ENST00000354547,27,69895549,69895576
ENSG00000197467,ENST00000354547,27,69904932,69904959
ENSG00000197467,ENST00000354547,27,69919061,69919088
ENSG00000197467,ENST00000354547,24,69927086,69927110
ENSG00000197467,ENST00000354547,27,69936755,69936782
ENSG00000197467,ENST00000357811,8,69867797,69867805
ENSG00000197467,ENST00000357811,27,69872183,69872210
ENSG00000197467,ENST00000357811,27,69888303,69888330
ENSG00000197467,ENST00000357811,27,69889413,69889440
ENSG00000197467,ENST00000357811,27,69894551,69894578
ENSG00000197467,ENST00000357811,27,69894674,69894701
ENSG00000197467,ENST00000357811,27,69895549,69895576
ENSG00000197467,ENST00000357811,27,69904932,69904959
ENSG00000197467,ENST00000357811,27,69919061,69919088
ENSG00000197467,ENST00000357811,24,69927086,69927110
ENSG00000197467,ENST00000357811,27,69936755,69936782
ENSG00000197467,ENST00000520267,8,69867797,69867805
ENSG00000197467,ENST00000520267,27,69888303,69888330
ENSG00000197467,ENST00000520267,27,69889413,69889440
ENSG00000197467,ENST00000520267,27,69894551,69894578
ENSG00000197467,ENST00000520267,27,69894674,69894701
ENSG00000197467,ENST00000520267,27,69895549,69895576
ENSG00000197467,ENST00000520267,27,69904932,69904959
ENSG00000197467,ENST00000520267,27,69919061,69919088
ENSG00000197467,ENST00000520267,24,69927086,69927110
ENSG00000197467,ENST00000520267,27,69936755,69936782
ENSG00000197467,ENST00000398969,27,69888303,69888330
ENSG00000197467,ENST00000398969,27,69889413,69889440
ENSG00000197467,ENST00000398969,27,69894551,69894578
ENSG00000197467,ENST00000398969,27,69894674,69894701
ENSG00000197467,ENST00000398969,27,69895549,69895576
ENSG00000197467,ENST00000398969,27,69904932,69904959
ENSG00000197467,ENST00000398969,27,69919061,69919088
ENSG00000197467,ENST00000398969,24,69927086,69927110
ENSG00000197467,ENST00000398969,27,69936755,69936782
ENSG00000197467,ENST00000517713,8,69867797,69867805
ENSG00000197467,ENST00000517713,27,69872183,69872210
ENSG00000197467,ENST00000517713,27,69888303,69888330
ENSG00000197467,ENST00000517713,27,69889413,69889440
ENSG00000197467,ENST00000517713,27,69894551,69894578
ENSG00000197467,ENST00000517713,27,69894674,69894701
ENSG00000197467,ENST00000517713,27,69895549,69895576
ENSG00000197467,ENST00000517713,27,69904932,69904959
ENSG00000197467,ENST00000517713,27,69919061,69919088
ENSG00000197467,ENST00000517713,24,69927086,69927110
ENSG00000197467,ENST00000517713,27,69936755,69936782
ENSG00000197467,ENST00000522165,8,69867797,69867805
ENSG00000197467,ENST00000522165,27,69872183,69872210
ENSG00000197467,ENST00000522165,27,69888303,69888330
ENSG00000197467,ENST00000522165,27,69889413,69889440
ENSG00000197467,ENST00000522165,27,69894551,69894578
ENSG00000197467,ENST00000522165,27,69894674,69894701
ENSG00000197467,ENST00000522165,27,69895549,69895576
ENSG00000197467,ENST00000522165,27,69904932,69904959
ENSG00000197467,ENST00000522165,27,69919061,69919088
ENSG00000197467,ENST00000522165,24,69927086,69927110
ENSG00000197467,ENST00000522165,27,69936755,69936782
ENSG00000197467,ENST00000520133,8,69867797,69867805
ENSG00000197467,ENST00000520133,27,69872183,69872210
ENSG00000197467,ENST00000520133,27,69888303,69888330
ENSG00000197467,ENST00000520133,27,69889413,69889440
ENSG00000197467,ENST00000520133,27,69894551,69894578
ENSG00000197467,ENST00000520133,27,69894674,69894701
ENSG00000197467,ENST00000520133,27,69895549,69895576
ENSG00000197467,ENST00000520133,27,69904932,69904959
ENSG00000197467,ENST00000520133,27,69919061,69919088
ENSG00000197467,ENST00000520133,24,69927086,69927110
ENSG00000197467,ENST00000520133,27,69936755,69936782
ENSG00000197467,ENST00000484990,27,69878038,69878065
ENSG00000197467,ENST00000398975,27,69936755,69936782
ENSG00000197467,ENST00000456019,27,69936755,69936782
ENSG00000107736,ENST00000224721,6,71643860,71643866
ENSG00000107736,ENST00000224721,3,71734655,71734658
ENSG00000107736,ENST00000398809,6,71643860,71643866
ENSG00000107736,ENST00000461841,6,71643860,71643866
ENSG00000107736,ENST00000299366,6,71643860,71643866
ENSG00000107736,ENST00000398842,18,71570827,71570845
ENSG00000107736,ENST00000616684,6,71643860,71643866
ENSG00000107736,ENST00000442677,6,71643860,71643866
ENSG00000107736,ENST00000646131,6,71643860,71643866
ENSG00000107736,ENST00000643732,6,71643860,71643866
ENSG00000107736,ENST00000466757,6,71643860,71643866
ENSG00000107738,ENST00000394957,28,71752974,71753002
ENSG00000107738,ENST00000470317,28,71752974,71753002
ENSG00000197746,ENST00000610929,21,71831230,71831251
ENSG00000197746,ENST00000633965,9,71823887,71823896
ENSG00000107742,ENST00000373109,9,72072901,72072910
ENSG00000107742,ENST00000317376,9,72072901,72072910
ENSG00000107745,ENST00000642044,6,72509397,72509403
ENSG00000107745,ENST00000642044,12,72524734,72524746
ENSG00000107745,ENST00000635239,12,72524734,72524746
ENSG00000122882,ENST00000413026,10,73156567,73156577
ENSG00000107758,ENST00000360663,30,73439871,73439901
ENSG00000107758,ENST00000394829,30,73439871,73439901
ENSG00000107758,ENST00000430762,30,73439871,73439901
ENSG00000107758,ENST00000430762,27,73448663,73448690
ENSG00000148660,ENST00000474131,27,73825320,73825347
ENSG00000122861,ENST00000481390,28,73912040,73912068
ENSG00000122861,ENST00000372764,28,73912040,73912068
ENSG00000156113,ENST00000604624,12,77025445,77025457
ENSG00000156113,ENST00000638991,9,77008184,77008193
ENSG00000156113,ENST00000639913,9,77008184,77008193
ENSG00000156113,ENST00000639205,9,77008184,77008193
ENSG00000156113,ENST00000639498,29,76884988,76885017
ENSG00000156113,ENST00000639498,9,77008184,77008193
ENSG00000156113,ENST00000640523,9,77008184,77008193
ENSG00000156113,ENST00000640523,12,77025445,77025457
ENSG00000156113,ENST00000372443,12,77025445,77025457
ENSG00000156113,ENST00000638223,9,77008184,77008193
ENSG00000156113,ENST00000638223,12,77025445,77025457
ENSG00000156113,ENST00000639344,29,76884988,76885017
ENSG00000156113,ENST00000639344,9,77008184,77008193
ENSG00000156113,ENST00000638848,12,77025445,77025457
ENSG00000156113,ENST00000639090,29,76884988,76885017
ENSG00000156113,ENST00000639489,12,77025445,77025457
ENSG00000156113,ENST00000639069,29,76884988,76885017
ENSG00000156113,ENST00000639069,12,77025445,77025457
ENSG00000156113,ENST00000639657,29,76884988,76885017
ENSG00000156113,ENST00000372408,29,76884988,76885017
ENSG00000156113,ENST00000372408,9,77008184,77008193
ENSG00000156113,ENST00000372421,12,77025445,77025457
ENSG00000156113,ENST00000640570,9,77008184,77008193
ENSG00000156113,ENST00000640570,12,77025445,77025457
ENSG00000156113,ENST00000372437,29,76884988,76885017
ENSG00000156113,ENST00000372437,9,77008184,77008193
ENSG00000156113,ENST00000372437,12,77025445,77025457
ENSG00000156113,ENST00000638895,29,76884988,76885017
ENSG00000156113,ENST00000638895,9,77008184,77008193
ENSG00000156113,ENST00000638895,12,77025445,77025457
ENSG00000156113,ENST00000404771,29,76884988,76885017
ENSG00000156113,ENST00000638351,29,76884988,76885017
ENSG00000156113,ENST00000638351,9,77008184,77008193
ENSG00000156113,ENST00000372440,29,76884988,76885017
ENSG00000156113,ENST00000372440,9,77008184,77008193
ENSG00000156113,ENST00000640182,29,76884988,76885017
ENSG00000156113,ENST00000640182,12,77025445,77025457
ENSG00000156113,ENST00000638606,29,76884988,76885017
ENSG00000156113,ENST00000638606,12,77025445,77025457
ENSG00000156113,ENST00000639591,29,76884988,76885017
ENSG00000156113,ENST00000639591,9,77008184,77008193
ENSG00000156113,ENST00000640605,29,76884988,76885017
ENSG00000156113,ENST00000640605,9,77008184,77008193
ENSG00000156113,ENST00000640605,12,77025445,77025457
ENSG00000156113,ENST00000638203,29,76884988,76885017
ENSG00000156113,ENST00000639968,29,76884988,76885017
ENSG00000156113,ENST00000639968,9,77008184,77008193
ENSG00000156113,ENST00000639968,12,77025445,77025457
ENSG00000156113,ENST00000372403,29,76884988,76885017
ENSG00000156113,ENST00000640626,29,76884988,76885017
ENSG00000156113,ENST00000640626,9,77008184,77008193
ENSG00000156113,ENST00000640934,12,77025445,77025457
ENSG00000156113,ENST00000640029,9,77008184,77008193
ENSG00000156113,ENST00000640029,12,77025445,77025457
ENSG00000156113,ENST00000640807,12,77025445,77025457
ENSG00000156113,ENST00000406533,9,77008184,77008193
ENSG00000156113,ENST00000638283,12,77025445,77025457
ENSG00000156113,ENST00000639730,9,77008184,77008193
ENSG00000156113,ENST00000639370,9,77008184,77008193
ENSG00000156113,ENST00000639370,12,77025445,77025457
ENSG00000156113,ENST00000640141,9,77008184,77008193
ENSG00000156113,ENST00000638754,12,77025445,77025457
ENSG00000156113,ENST00000638632,12,77025445,77025457
ENSG00000156113,ENST00000638751,9,77008184,77008193
ENSG00000156113,ENST00000639406,9,77008184,77008193
ENSG00000156113,ENST00000639823,12,77025445,77025457
ENSG00000156113,ENST00000638759,12,77025445,77025457
ENSG00000156113,ENST00000638999,9,77008184,77008193
ENSG00000156113,ENST00000638999,12,77025445,77025457
ENSG00000156113,ENST00000640773,9,77008184,77008193
ENSG00000156113,ENST00000638370,9,77008184,77008193
ENSG00000156113,ENST00000637862,9,77008184,77008193
ENSG00000156113,ENST00000638249,12,77025445,77025457
ENSG00000138326,ENST00000647545,22,78040203,78040225
ENSG00000138326,ENST00000435275,25,78040200,78040225
ENSG00000138326,ENST00000645440,18,78037964,78037982
ENSG00000138326,ENST00000645440,22,78040203,78040225
ENSG00000138326,ENST00000464716,3,78037438,78037441
ENSG00000138326,ENST00000464716,18,78037964,78037982
ENSG00000138326,ENST00000464716,22,78040203,78040225
ENSG00000138326,ENST00000360830,3,78037438,78037441
ENSG00000138326,ENST00000360830,22,78040203,78040225
ENSG00000138326,ENST00000372360,22,78040203,78040225
ENSG00000138326,ENST00000645195,29,78037964,78037993
ENSG00000138326,ENST00000645195,22,78040203,78040225
ENSG00000185303,ENST00000372325,30,79559968,79559998
ENSG00000133678,ENST00000372277,28,80086230,80086258
ENSG00000133678,ENST00000372274,28,80086230,80086258
ENSG00000185737,ENST00000372141,27,82865410,82865437
ENSG00000185737,ENST00000404547,27,82865410,82865437
ENSG00000185737,ENST00000372142,27,82865410,82865437
ENSG00000185737,ENST00000602794,24,82865413,82865437
ENSG00000185737,ENST00000555784,24,82865413,82865437
ENSG00000185737,ENST00000404576,27,82865410,82865437
ENSG00000185737,ENST00000556918,27,82865410,82865437
ENSG00000185737,ENST00000545131,27,82865410,82865437
ENSG00000185737,ENST00000537893,27,82865410,82865437
ENSG00000148600,ENST00000623399,14,84219078,84219092
ENSG00000204033,ENST00000538192,30,84222827,84222857
ENSG00000122367,ENST00000372066,23,86685677,86685700
ENSG00000122367,ENST00000263066,23,86685677,86685700
ENSG00000122367,ENST00000542786,23,86685677,86685700
ENSG00000198682,ENST00000456849,15,87721755,87721770
ENSG00000026103,ENST00000612663,25,89013342,89013367
ENSG00000026103,ENST00000355740,25,89013342,89013367
ENSG00000026103,ENST00000352159,25,89013342,89013367
ENSG00000026103,ENST00000484444,25,89013342,89013367
ENSG00000026103,ENST00000357339,25,89013342,89013367
ENSG00000026103,ENST00000488877,25,89013342,89013367
ENSG00000026103,ENST00000494410,25,89013342,89013367
ENSG00000026103,ENST00000479522,25,89013342,89013367
ENSG00000026103,ENST00000492756,25,89013342,89013367
ENSG00000026103,ENST00000313771,25,89013342,89013367
ENSG00000026103,ENST00000494799,25,89013342,89013367
ENSG00000026103,ENST00000640681,25,89013342,89013367
ENSG00000026103,ENST00000640140,25,89013342,89013367
ENSG00000026103,ENST00000640250,25,89013342,89013367
ENSG00000148688,ENST00000371703,30,90895453,90895483
ENSG00000148688,ENST00000413330,30,90895453,90895483
ENSG00000148688,ENST00000277882,30,90895453,90895483
ENSG00000148688,ENST00000480406,30,90895453,90895483
ENSG00000148688,ENST00000489806,30,90895453,90895483
ENSG00000165338,ENST00000446394,12,91484333,91484345
ENSG00000138119,ENST00000463743,12,93340152,93340164
ENSG00000138119,ENST00000358334,12,93340152,93340164
ENSG00000138119,ENST00000359263,12,93340152,93340164
ENSG00000119969,ENST00000239026,25,94550971,94550996
ENSG00000119969,ENST00000371332,25,94550971,94550996
ENSG00000095637,ENST00000371227,30,95406117,95406147
ENSG00000095637,ENST00000371227,27,95422189,95422216
ENSG00000095637,ENST00000371249,30,95406117,95406147
ENSG00000095637,ENST00000371249,27,95422189,95422216
ENSG00000095637,ENST00000306402,30,95406117,95406147
ENSG00000095637,ENST00000306402,27,95422189,95422216
ENSG00000095637,ENST00000371246,30,95406117,95406147
ENSG00000095637,ENST00000371246,27,95422189,95422216
ENSG00000095637,ENST00000371247,30,95406117,95406147
ENSG00000095637,ENST00000371247,27,95422189,95422216
ENSG00000095637,ENST00000607232,27,95422189,95422216
ENSG00000095637,ENST00000361941,30,95406117,95406147
ENSG00000095637,ENST00000361941,27,95422189,95422216
ENSG00000095637,ENST00000277982,30,95406117,95406147
ENSG00000095637,ENST00000277982,27,95422189,95422216
ENSG00000095637,ENST00000371245,30,95406117,95406147
ENSG00000095637,ENST00000371245,27,95422189,95422216
ENSG00000095637,ENST00000371241,30,95406117,95406147
ENSG00000095637,ENST00000354106,30,95406117,95406147
ENSG00000095637,ENST00000371239,30,95406117,95406147
ENSG00000095637,ENST00000371239,27,95422189,95422216
ENSG00000095637,ENST00000474353,30,95406117,95406147
ENSG00000095637,ENST00000465489,30,95406117,95406147
ENSG00000095637,ENST00000486141,30,95406117,95406147
ENSG00000095585,ENST00000224337,28,96207871,96207899
ENSG00000095585,ENST00000371176,28,96207871,96207899
ENSG00000095585,ENST00000427367,28,96207871,96207899
ENSG00000095585,ENST00000427367,12,96215320,96215332
ENSG00000095585,ENST00000413476,28,96207871,96207899
ENSG00000095585,ENST00000467799,28,96207871,96207899
ENSG00000095585,ENST00000468252,28,96207871,96207899
ENSG00000187122,ENST00000266058,24,97047972,97047996
ENSG00000187122,ENST00000371070,24,97047972,97047996
ENSG00000187122,ENST00000314867,24,97047972,97047996
ENSG00000171307,ENST00000393760,29,97452894,97452923
ENSG00000171307,ENST00000370854,29,97452894,97452923
ENSG00000171307,ENST00000414567,29,97452894,97452923
ENSG00000171307,ENST00000459777,29,97452894,97452923
ENSG00000171307,ENST00000466895,29,97452894,97452923
ENSG00000171307,ENST00000370846,29,97452894,97452923
ENSG00000171307,ENST00000352634,29,97452894,97452923
ENSG00000171307,ENST00000370842,29,97452894,97452923
ENSG00000171307,ENST00000345745,29,97452894,97452923
ENSG00000171307,ENST00000433086,29,97452894,97452923
ENSG00000171307,ENST00000420089,29,97452894,97452923
ENSG00000171307,ENST00000417044,29,97452894,97452923
ENSG00000155256,ENST00000393677,21,97752856,97752877
ENSG00000155256,ENST00000423811,21,97752856,97752877
ENSG00000119943,ENST00000370575,20,98410938,98410958
ENSG00000119929,ENST00000370476,28,99750368,99750396
ENSG00000119929,ENST00000370472,28,99750368,99750396
ENSG00000107554,ENST00000543621,18,99898742,99898760
ENSG00000107554,ENST00000636706,18,99898742,99898760
ENSG00000107554,ENST00000324109,18,99898742,99898760
ENSG00000120049,ENST00000355657,28,101828818,101828846
ENSG00000166275,ENST00000339834,21,102862159,102862180
ENSG00000166275,ENST00000369883,21,102862159,102862180
ENSG00000270316,ENST00000299353,21,102862159,102862180
ENSG00000214435,ENST00000615257,23,102890655,102890678
ENSG00000076685,ENST00000369857,24,103105357,103105381
ENSG00000076685,ENST00000452156,24,103105357,103105381
ENSG00000076685,ENST00000458345,24,103105357,103105381
ENSG00000156374,ENST00000337211,28,103333924,103333952
ENSG00000156374,ENST00000369847,28,103333924,103333952
ENSG00000156374,ENST00000490296,28,103333924,103333952
ENSG00000156374,ENST00000647574,28,103333924,103333952
ENSG00000107957,ENST00000369774,29,103693027,103693056
ENSG00000107957,ENST00000355946,29,103693027,103693056
ENSG00000107957,ENST00000315994,29,103693027,103693056
ENSG00000107957,ENST00000420222,29,103693027,103693056
ENSG00000065618,ENST00000369733,27,104046746,104046773
ENSG00000065618,ENST00000369733,27,104054091,104054118
ENSG00000065618,ENST00000369733,27,104054980,104055007
ENSG00000065618,ENST00000369733,30,104055371,104055401
ENSG00000065618,ENST00000353479,27,104039972,104039999
ENSG00000065618,ENST00000353479,27,104046746,104046773
ENSG00000065618,ENST00000353479,27,104054091,104054118
ENSG00000065618,ENST00000353479,27,104054980,104055007
ENSG00000065618,ENST00000353479,30,104055371,104055401
ENSG00000065618,ENST00000648076,27,104039972,104039999
ENSG00000065618,ENST00000648076,27,104046746,104046773
ENSG00000065618,ENST00000648076,27,104054091,104054118
ENSG00000065618,ENST00000648076,27,104054980,104055007
ENSG00000065618,ENST00000648076,30,104055371,104055401
ENSG00000065618,ENST00000650263,27,104054091,104054118
ENSG00000065618,ENST00000650263,27,104054980,104055007
ENSG00000065618,ENST00000650263,30,104055371,104055401
ENSG00000148834,ENST00000470554,24,104252165,104252189
ENSG00000156395,ENST00000369699,7,104822096,104822103
ENSG00000119950,ENST00000332674,30,110244827,110244857
ENSG00000119950,ENST00000239007,30,110244827,110244857
ENSG00000119950,ENST00000484030,30,110244827,110244857
ENSG00000119950,ENST00000442296,30,110244827,110244857
ENSG00000119950,ENST00000485566,30,110244827,110244857
ENSG00000119950,ENST00000369612,30,110244827,110244857
ENSG00000151532,ENST00000489357,21,112533529,112533550
ENSG00000148737,ENST00000352065,25,113161578,113161603
ENSG00000148737,ENST00000369395,25,113161578,113161603
ENSG00000148737,ENST00000470254,25,113161578,113161603
ENSG00000099204,ENST00000392952,8,114440081,114440089
ENSG00000099204,ENST00000392955,8,114440081,114440089
ENSG00000099204,ENST00000533213,5,114439258,114439263
ENSG00000099204,ENST00000369252,5,114439258,114439263
ENSG00000099204,ENST00000369253,8,114440081,114440089
ENSG00000099204,ENST00000369266,5,114439258,114439263
ENSG00000099204,ENST00000369256,8,114440081,114440089
ENSG00000099204,ENST00000277895,8,114440081,114440089
ENSG00000099204,ENST00000649363,8,114440081,114440089
ENSG00000151892,ENST00000355422,15,116211630,116211645
ENSG00000151892,ENST00000369234,15,116211630,116211645
ENSG00000187021,ENST00000527980,25,116596297,116596322
ENSG00000266200,ENST00000611850,2,116638368,116638370
ENSG00000266200,ENST00000591655,5,116637127,116637132
ENSG00000188316,ENST00000622726,3,116849928,116849931
ENSG00000188316,ENST00000622726,6,116864345,116864351
ENSG00000183605,ENST00000355697,26,119159727,119159753
ENSG00000183605,ENST00000355697,27,119161054,119161081
ENSG00000183605,ENST00000461438,26,119159727,119159753
ENSG00000183605,ENST00000461438,27,119161054,119161081
ENSG00000183605,ENST00000461438,22,119162138,119162160
ENSG00000183605,ENST00000369131,26,119159727,119159753
ENSG00000183605,ENST00000369131,27,119161054,119161081
ENSG00000183605,ENST00000466218,26,119159727,119159753
ENSG00000183605,ENST00000419372,26,119159727,119159753
ENSG00000183605,ENST00000462913,26,119159727,119159753
ENSG00000198825,ENST00000631485,20,119819519,119819539
ENSG00000198825,ENST00000631572,20,119819519,119819539
ENSG00000107651,ENST00000543134,8,119915747,119915755
ENSG00000066468,ENST00000351936,6,121517466,121517472
ENSG00000138162,ENST00000635597,9,122245064,122245073
ENSG00000187908,ENST00000338354,30,122565966,122565996
ENSG00000187908,ENST00000338354,30,122577810,122577840
ENSG00000187908,ENST00000338354,30,122580865,122580895
ENSG00000187908,ENST00000338354,30,122584321,122584351
ENSG00000187908,ENST00000338354,30,122590664,122590694
ENSG00000187908,ENST00000338354,30,122593568,122593598
ENSG00000187908,ENST00000338354,30,122597024,122597054
ENSG00000187908,ENST00000338354,30,122600063,122600093
ENSG00000187908,ENST00000338354,30,122603099,122603129
ENSG00000187908,ENST00000338354,30,122607158,122607188
ENSG00000187908,ENST00000338354,30,122611217,122611247
ENSG00000187908,ENST00000338354,30,122615276,122615306
ENSG00000187908,ENST00000338354,30,122619307,122619337
ENSG00000187908,ENST00000338354,27,122625276,122625303
ENSG00000187908,ENST00000338354,21,122631854,122631875
ENSG00000187908,ENST00000338354,30,122632860,122632890
ENSG00000187908,ENST00000344338,30,122565966,122565996
ENSG00000187908,ENST00000344338,30,122577810,122577840
ENSG00000187908,ENST00000344338,30,122580865,122580895
ENSG00000187908,ENST00000344338,30,122590664,122590694
ENSG00000187908,ENST00000344338,30,122593568,122593598
ENSG00000187908,ENST00000344338,30,122597024,122597054
ENSG00000187908,ENST00000344338,30,122600063,122600093
ENSG00000187908,ENST00000344338,30,122607158,122607188
ENSG00000187908,ENST00000344338,30,122611217,122611247
ENSG00000187908,ENST00000344338,30,122615276,122615306
ENSG00000187908,ENST00000344338,30,122619307,122619337
ENSG00000187908,ENST00000344338,27,122625276,122625303
ENSG00000187908,ENST00000344338,21,122631854,122631875
ENSG00000187908,ENST00000344338,30,122632860,122632890
ENSG00000187908,ENST00000330163,30,122565966,122565996
ENSG00000187908,ENST00000330163,30,122577810,122577840
ENSG00000187908,ENST00000330163,30,122580865,122580895
ENSG00000187908,ENST00000330163,30,122597024,122597054
ENSG00000187908,ENST00000330163,30,122600063,122600093
ENSG00000187908,ENST00000330163,30,122611217,122611247
ENSG00000187908,ENST00000330163,30,122615276,122615306
ENSG00000187908,ENST00000330163,30,122619307,122619337
ENSG00000187908,ENST00000330163,27,122625276,122625303
ENSG00000187908,ENST00000330163,21,122631854,122631875
ENSG00000187908,ENST00000330163,30,122632860,122632890
ENSG00000187908,ENST00000368955,30,122565966,122565996
ENSG00000187908,ENST00000368955,30,122577810,122577840
ENSG00000187908,ENST00000368955,30,122580865,122580895
ENSG00000187908,ENST00000368955,30,122590664,122590694
ENSG00000187908,ENST00000368955,30,122593568,122593598
ENSG00000187908,ENST00000368955,30,122597024,122597054
ENSG00000187908,ENST00000368955,30,122600063,122600093
ENSG00000187908,ENST00000368955,30,122603099,122603129
ENSG00000187908,ENST00000368955,30,122607158,122607188
ENSG00000187908,ENST00000368955,30,122611217,122611247
ENSG00000187908,ENST00000368955,30,122619307,122619337
ENSG00000187908,ENST00000368955,27,122625276,122625303
ENSG00000187908,ENST00000368955,21,122631854,122631875
ENSG00000187908,ENST00000368955,30,122632860,122632890
ENSG00000187908,ENST00000368909,30,122565966,122565996
ENSG00000187908,ENST00000368909,30,122577810,122577840
ENSG00000187908,ENST00000368909,30,122580865,122580895
ENSG00000187908,ENST00000368909,30,122584321,122584351
ENSG00000187908,ENST00000368909,30,122590664,122590694
ENSG00000187908,ENST00000368909,30,122593568,122593598
ENSG00000187908,ENST00000368909,30,122597024,122597054
ENSG00000187908,ENST00000368909,30,122600063,122600093
ENSG00000187908,ENST00000368909,30,122603099,122603129
ENSG00000187908,ENST00000368909,30,122607158,122607188
ENSG00000187908,ENST00000368909,30,122611217,122611247
ENSG00000187908,ENST00000368909,30,122619307,122619337
ENSG00000187908,ENST00000368909,27,122625276,122625303
ENSG00000187908,ENST00000368909,21,122631854,122631875
ENSG00000187908,ENST00000368909,30,122632860,122632890
ENSG00000187908,ENST00000368956,30,122565966,122565996
ENSG00000187908,ENST00000368956,30,122577810,122577840
ENSG00000187908,ENST00000368956,30,122580865,122580895
ENSG00000187908,ENST00000368956,30,122584321,122584351
ENSG00000187908,ENST00000368956,30,122600063,122600093
ENSG00000187908,ENST00000368956,30,122603099,122603129
ENSG00000187908,ENST00000368956,30,122607158,122607188
ENSG00000187908,ENST00000368956,30,122619307,122619337
ENSG00000187908,ENST00000368956,27,122625276,122625303
ENSG00000187908,ENST00000368956,21,122631854,122631875
ENSG00000187908,ENST00000368956,30,122632860,122632890
ENSG00000187908,ENST00000619379,30,122565966,122565996
ENSG00000187908,ENST00000619379,30,122577810,122577840
ENSG00000187908,ENST00000619379,30,122580865,122580895
ENSG00000187908,ENST00000619379,30,122584321,122584351
ENSG00000187908,ENST00000619379,30,122590664,122590694
ENSG00000187908,ENST00000619379,30,122593568,122593598
ENSG00000187908,ENST00000619379,30,122597024,122597054
ENSG00000187908,ENST00000619379,30,122600063,122600093
ENSG00000187908,ENST00000619379,30,122603099,122603129
ENSG00000187908,ENST00000619379,30,122611217,122611247
ENSG00000187908,ENST00000619379,30,122615276,122615306
ENSG00000187908,ENST00000619379,30,122619307,122619337
ENSG00000187908,ENST00000619379,27,122625276,122625303
ENSG00000187908,ENST00000619379,21,122631854,122631875
ENSG00000187908,ENST00000619379,30,122632860,122632890
ENSG00000176584,ENST00000439464,30,122764783,122764813
ENSG00000176584,ENST00000439464,30,122769325,122769355
ENSG00000176584,ENST00000439464,30,122776134,122776164
ENSG00000176584,ENST00000439464,30,122779285,122779315
ENSG00000176584,ENST00000439464,30,122791749,122791779
ENSG00000224023,ENST00000419400,29,125704186,125704215
ENSG00000188690,ENST00000649275,14,125797411,125797425
ENSG00000203780,ENST00000445510,18,125989429,125989447
ENSG00000203780,ENST00000368691,18,125989429,125989447
ENSG00000203780,ENST00000368689,18,125989429,125989447
ENSG00000223528,ENST00000629917,28,126999363,126999391
ENSG00000132334,ENST00000254667,23,127982273,127982296
ENSG00000132334,ENST00000442830,23,127982273,127982296
ENSG00000175470,ENST00000649083,30,131943967,131943997
ENSG00000185627,ENST00000621534,6,252504,252510
ENSG00000185627,ENST00000621534,30,252515,252545
ENSG00000184363,ENST00000531857,16,394508,394524
ENSG00000099834,ENST00000534311,24,621811,621835
ENSG00000177106,ENST00000610855,9,726093,726102
ENSG00000177042,ENST00000397510,20,698868,698888
ENSG00000177042,ENST00000608174,20,698868,698888
ENSG00000177042,ENST00000397512,20,698868,698888
ENSG00000177042,ENST00000526170,20,698868,698888
ENSG00000177042,ENST00000488769,20,698868,698888
ENSG00000177595,ENST00000527812,30,801335,801365
ENSG00000177685,ENST00000534606,30,828229,828259
ENSG00000198788,ENST00000361558,18,1093533,1093551
ENSG00000198788,ENST00000613187,24,1098272,1098296
ENSG00000198788,ENST00000613187,9,1098341,1098350
ENSG00000198788,ENST00000613187,15,1098355,1098370
ENSG00000130598,ENST00000381911,30,1839674,1839704
ENSG00000130598,ENST00000381911,7,1839848,1839855
ENSG00000130598,ENST00000381906,30,1839674,1839704
ENSG00000130598,ENST00000381906,7,1839848,1839855
ENSG00000130598,ENST00000252898,7,1839848,1839855
ENSG00000130595,ENST00000278317,14,1923047,1923061
ENSG00000130595,ENST00000278317,18,1923554,1923572
ENSG00000130595,ENST00000278317,18,1925098,1925116
ENSG00000130595,ENST00000278317,15,1926694,1926709
ENSG00000130595,ENST00000278317,24,1929119,1929143
ENSG00000130595,ENST00000278317,19,1929809,1929828
ENSG00000130595,ENST00000453458,14,1923047,1923061
ENSG00000130595,ENST00000453458,18,1923554,1923572
ENSG00000130595,ENST00000453458,19,1929809,1929828
ENSG00000130595,ENST00000381557,14,1923047,1923061
ENSG00000130595,ENST00000381557,18,1925098,1925116
ENSG00000130595,ENST00000381557,15,1926694,1926709
ENSG00000130595,ENST00000381557,19,1929809,1929828
ENSG00000130595,ENST00000381589,14,1923047,1923061
ENSG00000130595,ENST00000381589,18,1923554,1923572
ENSG00000130595,ENST00000381589,18,1925098,1925116
ENSG00000130595,ENST00000381589,21,1925255,1925276
ENSG00000130595,ENST00000381589,12,1926469,1926481
ENSG00000130595,ENST00000381589,19,1929809,1929828
ENSG00000130595,ENST00000381579,14,1923047,1923061
ENSG00000130595,ENST00000381579,18,1923554,1923572
ENSG00000130595,ENST00000381579,18,1925098,1925116
ENSG00000130595,ENST00000381579,15,1926694,1926709
ENSG00000130595,ENST00000381579,19,1929809,1929828
ENSG00000130595,ENST00000381563,14,1923047,1923061
ENSG00000130595,ENST00000381563,18,1923554,1923572
ENSG00000130595,ENST00000381563,18,1925098,1925116
ENSG00000130595,ENST00000381563,21,1925255,1925276
ENSG00000130595,ENST00000381563,12,1926469,1926481
ENSG00000130595,ENST00000381563,15,1926694,1926709
ENSG00000130595,ENST00000381563,19,1929809,1929828
ENSG00000130595,ENST00000344578,14,1923047,1923061
ENSG00000130595,ENST00000344578,18,1923554,1923572
ENSG00000130595,ENST00000344578,18,1925098,1925116
ENSG00000130595,ENST00000344578,19,1929809,1929828
ENSG00000130595,ENST00000381558,14,1923047,1923061
ENSG00000130595,ENST00000381558,18,1923554,1923572
ENSG00000130595,ENST00000381558,18,1925098,1925116
ENSG00000130595,ENST00000381558,15,1926694,1926709
ENSG00000130595,ENST00000381558,19,1929809,1929828
ENSG00000130595,ENST00000641119,14,1923047,1923061
ENSG00000130595,ENST00000641119,18,1923554,1923572
ENSG00000130595,ENST00000641119,18,1925098,1925116
ENSG00000130595,ENST00000641119,21,1925255,1925276
ENSG00000130595,ENST00000641119,12,1926469,1926481
ENSG00000130595,ENST00000641119,19,1929809,1929828
ENSG00000130595,ENST00000641787,14,1923047,1923061
ENSG00000130595,ENST00000641787,18,1923554,1923572
ENSG00000130595,ENST00000641787,18,1925098,1925116
ENSG00000130595,ENST00000641787,15,1926694,1926709
ENSG00000130595,ENST00000641787,19,1929809,1929828
ENSG00000130595,ENST00000641225,18,1925098,1925116
ENSG00000130595,ENST00000641225,19,1929809,1929828
ENSG00000130595,ENST00000397301,14,1923047,1923061
ENSG00000130595,ENST00000397301,18,1923554,1923572
ENSG00000130595,ENST00000397301,18,1925098,1925116
ENSG00000130595,ENST00000397301,21,1925255,1925276
ENSG00000130595,ENST00000397301,12,1926469,1926481
ENSG00000130595,ENST00000397301,15,1926694,1926709
ENSG00000130595,ENST00000397301,24,1929119,1929143
ENSG00000130595,ENST00000397301,19,1929809,1929828
ENSG00000130595,ENST00000397304,14,1923047,1923061
ENSG00000130595,ENST00000397304,18,1925098,1925116
ENSG00000130595,ENST00000397304,19,1929809,1929828
ENSG00000130595,ENST00000446240,14,1923047,1923061
ENSG00000130595,ENST00000446240,18,1925098,1925116
ENSG00000130595,ENST00000446240,19,1929809,1929828
ENSG00000130595,ENST00000492075,21,1925255,1925276
ENSG00000130595,ENST00000492075,12,1926469,1926481
ENSG00000130595,ENST00000492075,15,1926694,1926709
ENSG00000130595,ENST00000492075,19,1929809,1929828
ENSG00000130595,ENST00000639560,19,1929809,1929828
ENSG00000205531,ENST00000620138,30,2951779,2951809
ENSG00000205531,ENST00000620138,23,2955743,2955766
ENSG00000205531,ENST00000380542,30,2951779,2951809
ENSG00000205531,ENST00000380542,23,2955743,2955766
ENSG00000205531,ENST00000526115,30,2951779,2951809
ENSG00000205531,ENST00000526115,23,2955743,2955766
ENSG00000205531,ENST00000492594,30,2951779,2951809
ENSG00000205531,ENST00000526023,30,2951779,2951809
ENSG00000205531,ENST00000492685,30,2951779,2951809
ENSG00000205531,ENST00000492685,23,2955743,2955766
ENSG00000205531,ENST00000528363,23,2955743,2955766
ENSG00000205531,ENST00000483643,23,2955743,2955766
ENSG00000205531,ENST00000528261,23,2955743,2955766
ENSG00000148985,ENST00000528216,22,3808293,3808315
ENSG00000148985,ENST00000396986,22,3808293,3808315
ENSG00000148985,ENST00000300730,22,3808293,3808315
ENSG00000148985,ENST00000532535,22,3808293,3808315
ENSG00000148985,ENST00000396993,22,3808293,3808315
ENSG00000148985,ENST00000465237,22,3808293,3808315
ENSG00000148985,ENST00000477358,22,3808293,3808315
ENSG00000148985,ENST00000532523,22,3808293,3808315
ENSG00000148985,ENST00000459679,22,3808293,3808315
ENSG00000148985,ENST00000464229,22,3808293,3808315
ENSG00000148985,ENST00000464261,22,3808293,3808315
ENSG00000148985,ENST00000490830,22,3808293,3808315
ENSG00000148985,ENST00000464906,22,3808293,3808315
ENSG00000148985,ENST00000524661,22,3808293,3808315
ENSG00000148985,ENST00000485602,22,3808293,3808315
ENSG00000148985,ENST00000475884,22,3808293,3808315
ENSG00000148985,ENST00000489571,22,3808293,3808315
ENSG00000148985,ENST00000464441,22,3808293,3808315
ENSG00000148985,ENST00000532017,22,3808293,3808315
ENSG00000148985,ENST00000465307,22,3808293,3808315
ENSG00000148985,ENST00000493547,22,3808293,3808315
ENSG00000148985,ENST00000495026,22,3808293,3808315
ENSG00000167325,ENST00000526304,19,4119705,4119724
ENSG00000167325,ENST00000528470,19,4119705,4119724
ENSG00000132109,ENST00000254436,23,4386967,4386990
ENSG00000232268,ENST00000450052,8,4593889,4593897
ENSG00000167333,ENST00000300747,23,4601663,4601686
ENSG00000167333,ENST00000531101,23,4601663,4601686
ENSG00000167333,ENST00000526337,23,4601663,4601686
ENSG00000239920,ENST00000642298,27,5665655,5665682
ENSG00000121236,ENST00000278302,23,5608371,5608394
ENSG00000121236,ENST00000278302,27,5610534,5610561
ENSG00000121236,ENST00000424369,23,5608371,5608394
ENSG00000121236,ENST00000507320,23,5608371,5608394
ENSG00000121236,ENST00000507320,27,5610534,5610561
ENSG00000121236,ENST00000380107,23,5608371,5608394
ENSG00000121236,ENST00000380107,27,5610534,5610561
ENSG00000121236,ENST00000511284,23,5608371,5608394
ENSG00000121236,ENST00000511284,27,5610534,5610561
ENSG00000121236,ENST00000380097,23,5608371,5608394
ENSG00000121236,ENST00000380097,27,5610534,5610561
ENSG00000121236,ENST00000445329,23,5608371,5608394
ENSG00000121236,ENST00000445329,27,5610534,5610561
ENSG00000121236,ENST00000515022,23,5608371,5608394
ENSG00000121236,ENST00000515022,27,5610534,5610561
ENSG00000121236,ENST00000506134,23,5608371,5608394
ENSG00000121236,ENST00000506134,27,5610534,5610561
ENSG00000121236,ENST00000621176,23,5608371,5608394
ENSG00000121236,ENST00000621176,27,5610534,5610561
ENSG00000121236,ENST00000469187,23,5608371,5608394
ENSG00000121236,ENST00000469187,27,5610534,5610561
ENSG00000121236,ENST00000481603,23,5608371,5608394
ENSG00000258588,ENST00000354852,23,5608371,5608394
ENSG00000258588,ENST00000354852,27,5610534,5610561
ENSG00000258588,ENST00000354852,23,5641166,5641189
ENSG00000258588,ENST00000354852,27,5642816,5642843
ENSG00000258659,ENST00000514226,23,5641166,5641189
ENSG00000258659,ENST00000514226,27,5642816,5642843
ENSG00000258659,ENST00000429814,23,5641166,5641189
ENSG00000258659,ENST00000429814,27,5642816,5642843
ENSG00000258659,ENST00000495668,23,5641166,5641189
ENSG00000132256,ENST00000380034,27,5665655,5665682
ENSG00000132256,ENST00000380034,23,5667688,5667711
ENSG00000132256,ENST00000380027,27,5665655,5665682
ENSG00000132256,ENST00000380027,23,5667688,5667711
ENSG00000132256,ENST00000433961,27,5665655,5665682
ENSG00000132256,ENST00000396847,23,5667688,5667711
ENSG00000132256,ENST00000438025,27,5665655,5665682
ENSG00000132256,ENST00000438025,23,5667688,5667711
ENSG00000132256,ENST00000483835,27,5665655,5665682
ENSG00000132256,ENST00000483835,23,5667688,5667711
ENSG00000132274,ENST00000379965,23,5706593,5706616
ENSG00000132274,ENST00000379965,27,5708576,5708603
ENSG00000132274,ENST00000454828,23,5706593,5706616
ENSG00000132274,ENST00000454828,27,5708576,5708603
ENSG00000132274,ENST00000480395,23,5706593,5706616
ENSG00000132274,ENST00000480395,27,5708576,5708603
ENSG00000132274,ENST00000414897,23,5706593,5706616
ENSG00000132274,ENST00000414897,27,5708576,5708603
ENSG00000132274,ENST00000493494,27,5708576,5708603
ENSG00000132274,ENST00000450670,27,5708576,5708603
ENSG00000132274,ENST00000429063,27,5708576,5708603
ENSG00000132274,ENST00000444844,27,5708576,5708603
ENSG00000166313,ENST00000608655,6,6401976,6401982
ENSG00000166313,ENST00000608704,6,6401976,6401982
ENSG00000166313,ENST00000609360,6,6401976,6401982
ENSG00000166313,ENST00000608435,6,6401976,6401982
ENSG00000166313,ENST00000608394,6,6401976,6401982
ENSG00000166313,ENST00000608645,6,6401976,6401982
ENSG00000166313,ENST00000609331,6,6401976,6401982
ENSG00000166313,ENST00000533407,6,6401976,6401982
ENSG00000166313,ENST00000526925,6,6401976,6401982
ENSG00000183801,ENST00000528758,24,7488126,7488150
ENSG00000183378,ENST00000533663,24,7698749,7698773
ENSG00000183378,ENST00000612000,24,7698749,7698773
ENSG00000279000,ENST00000642108,27,7930986,7931013
ENSG00000279000,ENST00000641238,29,7930860,7930889
ENSG00000279000,ENST00000641238,27,7930986,7931013
ENSG00000133800,ENST00000531706,28,10564202,10564230
ENSG00000254401,ENST00000525758,12,11120523,11120535
ENSG00000170242,ENST00000525257,26,11878623,11878649
ENSG00000197702,ENST00000334956,20,12511513,12511533
ENSG00000197702,ENST00000649199,20,12511513,12511533
ENSG00000187079,ENST00000334310,12,12878888,12878900
ENSG00000133794,ENST00000482049,21,13354989,13355010
ENSG00000148925,ENST00000527102,14,13417246,13417260
ENSG00000011405,ENST00000532035,26,17194388,17194414
ENSG00000006071,ENST00000646003,29,17395609,17395638
ENSG00000006071,ENST00000526168,29,17395609,17395638
ENSG00000006071,ENST00000645744,29,17395609,17395638
ENSG00000006071,ENST00000531137,29,17398338,17398367
ENSG00000006611,ENST00000526313,25,17527015,17527040
ENSG00000006611,ENST00000318024,25,17527015,17527040
ENSG00000006611,ENST00000527720,25,17527015,17527040
ENSG00000006611,ENST00000527020,25,17527015,17527040
ENSG00000006611,ENST00000005226,25,17527015,17527040
ENSG00000006611,ENST00000526181,25,17527015,17527040
ENSG00000188162,ENST00000399391,27,17599670,17599697
ENSG00000188162,ENST00000399397,27,17599670,17599697
ENSG00000166788,ENST00000532452,12,18083534,18083546
ENSG00000166800,ENST00000615355,13,18476488,18476501
ENSG00000110786,ENST00000396170,12,18743321,18743333
ENSG00000166833,ENST00000360655,24,20068185,20068209
ENSG00000166833,ENST00000396085,24,20068185,20068209
ENSG00000166833,ENST00000396085,9,20082591,20082600
ENSG00000166833,ENST00000540292,24,20068185,20068209
ENSG00000166833,ENST00000527559,24,20068185,20068209
ENSG00000166833,ENST00000349880,24,20068185,20068209
ENSG00000166833,ENST00000396087,24,20068185,20068209
ENSG00000166833,ENST00000396087,9,20082591,20082600
ENSG00000166833,ENST00000533917,24,20068185,20068209
ENSG00000166833,ENST00000525322,24,20068185,20068209
ENSG00000254862,ENST00000529258,29,27473167,27473196
ENSG00000007372,ENST00000640613,15,31801761,31801776
ENSG00000007372,ENST00000423822,15,31801761,31801776
ENSG00000007372,ENST00000638853,15,31801761,31801776
ENSG00000007372,ENST00000379115,15,31801761,31801776
ENSG00000007372,ENST00000438681,15,31801761,31801776
ENSG00000007372,ENST00000639943,15,31801761,31801776
ENSG00000110429,ENST00000526952,28,33767607,33767635
ENSG00000135372,ENST00000615292,28,34143500,34143528
ENSG00000026508,ENST00000278386,28,35221704,35221732
ENSG00000026508,ENST00000639002,21,35208185,35208206
ENSG00000149090,ENST00000621476,28,35528951,35528979
ENSG00000166326,ENST00000299413,20,35735425,35735445
ENSG00000166326,ENST00000532066,20,35735425,35735445
ENSG00000166181,ENST00000534695,3,43340223,43340226
ENSG00000283341,ENST00000529261,22,43672990,43673012
ENSG00000085117,ENST00000529277,29,44587474,44587503
ENSG00000175274,ENST00000533955,20,44936879,44936899
ENSG00000255041,ENST00000528445,5,45489977,45489982
ENSG00000135365,ENST00000323180,23,45946075,45946098
ENSG00000180210,ENST00000311907,25,46720522,46720547
ENSG00000180210,ENST00000530231,25,46720522,46720547
ENSG00000180210,ENST00000442468,25,46720522,46720547
ENSG00000175216,ENST00000527333,24,46760351,46760375
ENSG00000175216,ENST00000526876,24,46760351,46760375
ENSG00000110514,ENST00000634938,9,47326543,47326552
ENSG00000134571,ENST00000545968,30,47341002,47341032
ENSG00000134571,ENST00000545968,3,47343259,47343262
ENSG00000134571,ENST00000545968,18,47346626,47346644
ENSG00000134571,ENST00000545968,3,47347026,47347029
ENSG00000134571,ENST00000545968,30,47347650,47347680
ENSG00000134571,ENST00000256993,30,47341002,47341032
ENSG00000134571,ENST00000256993,21,47346626,47346647
ENSG00000134571,ENST00000256993,30,47347650,47347680
ENSG00000134571,ENST00000399249,30,47341002,47341032
ENSG00000134571,ENST00000399249,3,47343259,47343262
ENSG00000134571,ENST00000399249,21,47346626,47346647
ENSG00000134571,ENST00000399249,30,47347650,47347680
ENSG00000134571,ENST00000544791,30,47341002,47341032
ENSG00000134571,ENST00000544791,3,47343259,47343262
ENSG00000134571,ENST00000544791,18,47346626,47346644
ENSG00000134571,ENST00000544791,3,47347026,47347029
ENSG00000134571,ENST00000544791,30,47347650,47347680
ENSG00000109919,ENST00000539759,27,47635544,47635571
ENSG00000109919,ENST00000302503,27,47635544,47635571
ENSG00000109919,ENST00000525649,27,47635544,47635571
ENSG00000109919,ENST00000533571,27,47635544,47635571
ENSG00000149177,ENST00000613246,19,48110057,48110076
ENSG00000149177,ENST00000613246,12,48149490,48149502
ENSG00000149177,ENST00000418331,19,48110057,48110076
ENSG00000149177,ENST00000418331,9,48149989,48149998
ENSG00000149177,ENST00000615445,19,48110057,48110076
ENSG00000149177,ENST00000615445,9,48144889,48144898
ENSG00000149177,ENST00000615445,12,48149490,48149502
ENSG00000149177,ENST00000440289,19,48110057,48110076
ENSG00000149177,ENST00000534219,19,48110057,48110076
ENSG00000149177,ENST00000527952,19,48110057,48110076
ENSG00000149177,ENST00000526550,19,48110057,48110076
ENSG00000176547,ENST00000611380,15,48327658,48327673
ENSG00000249910,ENST00000505076,23,48949238,48949261
ENSG00000220948,ENST00000649162,23,48978137,48978160
ENSG00000220948,ENST00000534741,23,48978137,48978160
ENSG00000254764,ENST00000531490,23,48988416,48988439
ENSG00000205044,ENST00000534734,23,49013309,49013332
ENSG00000182053,ENST00000622138,23,49035094,49035117
ENSG00000182053,ENST00000332682,23,49035094,49035117
ENSG00000214891,ENST00000617704,23,49056358,49056381
ENSG00000254993,ENST00000524985,23,49119713,49119736
ENSG00000205035,ENST00000534201,23,49807654,49807677
ENSG00000205035,ENST00000530858,23,49807654,49807677
ENSG00000205035,ENST00000527477,23,49807654,49807677
ENSG00000219061,ENST00000526452,24,49838080,49838104
ENSG00000150244,ENST00000417545,23,55268349,55268372
ENSG00000166007,ENST00000530412,23,55294721,55294744
ENSG00000124900,ENST00000449290,23,55888978,55889001
ENSG00000124900,ENST00000244891,23,55888978,55889001
ENSG00000149136,ENST00000635721,9,57330732,57330741
ENSG00000109991,ENST00000616487,9,57368091,57368100
ENSG00000211450,ENST00000622257,7,57741808,57741815
ENSG00000198561,ENST00000529919,18,57806460,57806478
ENSG00000198561,ENST00000361796,18,57806460,57806478
ENSG00000198561,ENST00000399050,18,57806460,57806478
ENSG00000198561,ENST00000530748,18,57806460,57806478
ENSG00000198561,ENST00000527467,18,57806460,57806478
ENSG00000198561,ENST00000528232,18,57806460,57806478
ENSG00000198561,ENST00000525902,18,57806460,57806478
ENSG00000198561,ENST00000532844,18,57806460,57806478
ENSG00000198561,ENST00000415361,18,57806460,57806478
ENSG00000198561,ENST00000526938,18,57806460,57806478
ENSG00000186660,ENST00000316059,29,58584855,58584884
ENSG00000255073,ENST00000389919,29,58584855,58584884
ENSG00000166840,ENST00000526351,23,58947045,58947068
ENSG00000166840,ENST00000533864,23,58947045,58947068
ENSG00000166840,ENST00000300079,23,58947045,58947068
ENSG00000166801,ENST00000420244,30,59145826,59145856
ENSG00000166801,ENST00000532790,30,59145826,59145856
ENSG00000166801,ENST00000527629,30,59145826,59145856
ENSG00000166801,ENST00000361723,30,59145826,59145856
ENSG00000166801,ENST00000529358,30,59145826,59145856
ENSG00000255393,ENST00000644647,30,60022284,60022314
ENSG00000166930,ENST00000534071,26,60430898,60430924
ENSG00000166930,ENST00000531403,26,60430898,60430924
ENSG00000166930,ENST00000528093,26,60430898,60430924
ENSG00000013725,ENST00000545105,28,61009846,61009874
ENSG00000149532,ENST00000544990,27,61420546,61420573
ENSG00000149503,ENST00000394818,12,62141499,62141511
ENSG00000149499,ENST00000394776,21,62602758,62602779
ENSG00000149499,ENST00000494176,21,62602758,62602779
ENSG00000149499,ENST00000529309,21,62602758,62602779
ENSG00000185475,ENST00000532586,24,62789186,62789210
ENSG00000255717,ENST00000539921,29,62852810,62852839
ENSG00000255717,ENST00000540725,29,62852810,62852839
ENSG00000255717,ENST00000537925,29,62852810,62852839
ENSG00000255717,ENST00000537869,29,62852810,62852839
ENSG00000255717,ENST00000539975,29,62852810,62852839
ENSG00000255717,ENST00000535076,29,62852810,62852839
ENSG00000255717,ENST00000545440,29,62852810,62852839
ENSG00000255717,ENST00000542112,29,62852810,62852839
ENSG00000255717,ENST00000541615,29,62852810,62852839
ENSG00000255717,ENST00000541578,26,62852655,62852681
ENSG00000255717,ENST00000541578,29,62852810,62852839
ENSG00000133317,ENST00000394618,27,63511078,63511105
ENSG00000133317,ENST00000340246,27,63511078,63511105
ENSG00000133317,ENST00000415491,27,63511078,63511105
ENSG00000072518,ENST00000402010,27,63906087,63906114
ENSG00000072518,ENST00000361128,27,63906087,63906114
ENSG00000072518,ENST00000513765,27,63906087,63906114
ENSG00000133315,ENST00000255681,30,64015251,64015281
ENSG00000133315,ENST00000543422,30,64015251,64015281
ENSG00000133315,ENST00000542359,30,64015251,64015281
ENSG00000168071,ENST00000359902,25,64354003,64354028
ENSG00000162302,ENST00000528355,26,64359377,64359403
ENSG00000110076,ENST00000377551,27,64653695,64653722
ENSG00000110076,ENST00000377551,30,64692846,64692876
ENSG00000110076,ENST00000377551,18,64697774,64697792
ENSG00000110076,ENST00000377559,24,64677013,64677037
ENSG00000110076,ENST00000377559,30,64692846,64692876
ENSG00000110076,ENST00000377559,18,64697774,64697792
ENSG00000110076,ENST00000265459,27,64653695,64653722
ENSG00000110076,ENST00000265459,30,64692846,64692876
ENSG00000110076,ENST00000265459,18,64697774,64697792
ENSG00000110076,ENST00000409571,27,64653695,64653722
ENSG00000110076,ENST00000409571,24,64677013,64677037
ENSG00000110076,ENST00000409571,30,64692846,64692876
ENSG00000110076,ENST00000409571,18,64697774,64697792
ENSG00000110076,ENST00000486057,27,64653695,64653722
ENSG00000110076,ENST00000442300,30,64692846,64692876
ENSG00000110076,ENST00000442300,18,64697774,64697792
ENSG00000110076,ENST00000417749,30,64692846,64692876
ENSG00000110076,ENST00000417749,18,64697774,64697792
ENSG00000110076,ENST00000437746,18,64697774,64697792
ENSG00000110076,ENST00000466324,18,64697774,64697792
ENSG00000068831,ENST00000421556,23,64742009,64742032
ENSG00000068831,ENST00000394428,23,64742009,64742032
ENSG00000068976,ENST00000377432,21,64758245,64758266
ENSG00000110046,ENST00000421419,25,64914208,64914233
ENSG00000014216,ENST00000533820,12,65205709,65205721
ENSG00000014216,ENST00000533129,12,65205709,65205721
ENSG00000014216,ENST00000524773,12,65205709,65205721
ENSG00000014216,ENST00000279247,12,65205709,65205721
ENSG00000014216,ENST00000527323,12,65205709,65205721
ENSG00000014216,ENST00000530495,12,65205709,65205721
ENSG00000142186,ENST00000279270,6,65537023,65537029
ENSG00000168056,ENST00000322147,17,65551547,65551564
ENSG00000168056,ENST00000301873,17,65551547,65551564
ENSG00000168056,ENST00000528516,17,65551547,65551564
ENSG00000168056,ENST00000526927,17,65551547,65551564
ENSG00000168056,ENST00000530866,17,65551547,65551564
ENSG00000173039,ENST00000406246,27,65662178,65662205
ENSG00000173039,ENST00000615805,17,65655687,65655704
ENSG00000173039,ENST00000615805,11,65658488,65658499
ENSG00000173039,ENST00000615805,27,65662178,65662205
ENSG00000173039,ENST00000612991,27,65662178,65662205
ENSG00000173039,ENST00000525693,27,65662178,65662205
ENSG00000173039,ENST00000526283,27,65662178,65662205
ENSG00000173039,ENST00000308639,27,65662178,65662205
ENSG00000173039,ENST00000531484,27,65662178,65662205
ENSG00000173039,ENST00000532999,27,65662178,65662205
ENSG00000173039,ENST00000529389,27,65662178,65662205
ENSG00000173039,ENST00000525658,27,65662178,65662205
ENSG00000173039,ENST00000533546,27,65662178,65662205
ENSG00000173039,ENST00000527909,27,65662178,65662205
ENSG00000173039,ENST00000527749,27,65662178,65662205
ENSG00000173039,ENST00000532879,27,65662178,65662205
ENSG00000173039,ENST00000531238,27,65662178,65662205
ENSG00000173039,ENST00000527074,27,65662178,65662205
ENSG00000173039,ENST00000533187,27,65662178,65662205
ENSG00000173039,ENST00000525858,27,65662178,65662205
ENSG00000173039,ENST00000532776,27,65662178,65662205
ENSG00000173039,ENST00000534283,27,65662178,65662205
ENSG00000175513,ENST00000608857,11,65948137,65948148
ENSG00000174516,ENST00000618547,24,66471347,66471371
ENSG00000173898,ENST00000617502,12,66688652,66688664
ENSG00000173898,ENST00000617502,6,66689350,66689356
ENSG00000173898,ENST00000611817,9,66688652,66688661
ENSG00000173599,ENST00000530187,21,66858335,66858356
ENSG00000172508,ENST00000529925,27,67416175,67416202
ENSG00000172508,ENST00000531040,27,67416175,67416202
ENSG00000167792,ENST00000530103,26,67607298,67607324
ENSG00000110057,ENST00000610659,13,67996771,67996784
ENSG00000110721,ENST00000528235,30,68082490,68082520
ENSG00000110066,ENST00000304363,20,68171231,68171251
ENSG00000110066,ENST00000615954,20,68171231,68171251
ENSG00000110066,ENST00000427752,20,68171231,68171251
ENSG00000110066,ENST00000401547,20,68171231,68171251
ENSG00000110066,ENST00000405515,20,68171231,68171251
ENSG00000110066,ENST00000402789,20,68171231,68171251
ENSG00000110066,ENST00000402185,20,68171231,68171251
ENSG00000110066,ENST00000323599,20,68171231,68171251
ENSG00000110075,ENST00000393801,18,68609610,68609628
ENSG00000110075,ENST00000526307,18,68609610,68609628
ENSG00000131620,ENST00000355303,12,70152449,70152461
ENSG00000131620,ENST00000531349,12,70152449,70152461
ENSG00000131620,ENST00000531300,12,70152449,70152461
ENSG00000131626,ENST00000532504,30,70350993,70351023
ENSG00000131626,ENST00000648755,30,70350993,70351023
ENSG00000131626,ENST00000648755,27,70365940,70365967
ENSG00000131626,ENST00000644155,30,70350993,70351023
ENSG00000131626,ENST00000644155,27,70365940,70365967
ENSG00000131626,ENST00000526262,30,70350993,70351023
ENSG00000131626,ENST00000526262,27,70365940,70365967
ENSG00000131626,ENST00000526347,30,70350993,70351023
ENSG00000131626,ENST00000530390,30,70350993,70351023
ENSG00000131626,ENST00000638133,27,70365940,70365967
ENSG00000162105,ENST00000449833,21,70489327,70489348
ENSG00000162105,ENST00000449833,30,70500569,70500599
ENSG00000162105,ENST00000409161,21,70489327,70489348
ENSG00000162105,ENST00000409161,9,70501922,70501931
ENSG00000162105,ENST00000601538,21,70489327,70489348
ENSG00000162105,ENST00000601538,21,70500569,70500590
ENSG00000162105,ENST00000601538,9,70501922,70501931
ENSG00000162105,ENST00000424924,21,70489327,70489348
ENSG00000162105,ENST00000338508,21,70489327,70489348
ENSG00000162105,ENST00000338508,21,70500569,70500590
ENSG00000162105,ENST00000338508,9,70501922,70501931
ENSG00000162105,ENST00000412252,21,70500569,70500590
ENSG00000162105,ENST00000412252,9,70501922,70501931
ENSG00000162105,ENST00000357171,27,70500569,70500596
ENSG00000162105,ENST00000409530,21,70500569,70500590
ENSG00000162105,ENST00000409530,9,70501922,70501931
ENSG00000162105,ENST00000608988,18,71118828,71118846
ENSG00000172890,ENST00000526039,25,71482000,71482025
ENSG00000137496,ENST00000620017,20,72001404,72001424
ENSG00000137496,ENST00000343898,20,72001404,72001424
ENSG00000165457,ENST00000619261,25,72221033,72221058
ENSG00000165457,ENST00000619261,2,72221174,72221176
ENSG00000186642,ENST00000543750,28,72605198,72605226
ENSG00000214530,ENST00000537351,21,72755121,72755142
ENSG00000054965,ENST00000064778,27,73425021,73425048
ENSG00000054965,ENST00000632101,12,73420889,73420901
ENSG00000054965,ENST00000632101,27,73425021,73425048
ENSG00000255136,ENST00000603012,20,75215513,75215533
ENSG00000137486,ENST00000420843,24,75271700,75271724
ENSG00000149273,ENST00000534440,28,75402351,75402379
ENSG00000158555,ENST00000534322,15,75439339,75439354
ENSG00000085741,ENST00000621122,1,76191777,76191778
ENSG00000178795,ENST00000376217,15,77217299,77217314
ENSG00000137513,ENST00000281038,27,78441090,78441117
ENSG00000137513,ENST00000528850,27,78441090,78441117
ENSG00000137513,ENST00000525345,27,78441090,78441117
ENSG00000149256,ENST00000278550,21,78720369,78720390
ENSG00000149256,ENST00000278550,27,78778601,78778628
ENSG00000171202,ENST00000532180,30,85650311,85650341
ENSG00000255005,ENST00000531414,26,85923305,85923331
ENSG00000073921,ENST00000532317,24,85978069,85978093
ENSG00000073921,ENST00000530692,24,85978069,85978093
ENSG00000073921,ENST00000529760,24,85978069,85978093
ENSG00000073921,ENST00000526961,24,85978069,85978093
ENSG00000086991,ENST00000424319,28,89440687,89440715
ENSG00000086991,ENST00000343727,28,89440687,89440715
ENSG00000086991,ENST00000534731,28,89440687,89440715
ENSG00000086991,ENST00000525196,28,89440687,89440715
ENSG00000086991,ENST00000263317,28,89440687,89440715
ENSG00000086991,ENST00000532825,28,89440687,89440715
ENSG00000086991,ENST00000527956,28,89440687,89440715
ENSG00000086991,ENST00000528341,28,89440687,89440715
ENSG00000086991,ENST00000529343,28,89440687,89440715
ENSG00000214414,ENST00000398290,23,89715157,89715180
ENSG00000214414,ENST00000534392,23,89715157,89715180
ENSG00000254751,ENST00000529289,23,89779705,89779728
ENSG00000168930,ENST00000329758,23,89800965,89800988
ENSG00000168930,ENST00000532501,23,89800965,89800988
ENSG00000250946,ENST00000507987,23,89822639,89822662
ENSG00000204455,ENST00000525732,23,89858510,89858533
ENSG00000189253,ENST00000329862,23,89873267,89873290
ENSG00000223417,ENST00000530311,23,89914174,89914197
ENSG00000223417,ENST00000605881,23,89914174,89914197
ENSG00000223417,ENST00000420869,23,89914174,89914197
ENSG00000233802,ENST00000623787,23,89930274,89930297
ENSG00000233802,ENST00000526396,23,89930274,89930297
ENSG00000204450,ENST00000533122,23,89971232,89971255
ENSG00000225581,ENST00000532014,23,89996257,89996280
ENSG00000204449,ENST00000448984,23,90038692,90038715
ENSG00000223709,ENST00000531233,23,90060248,90060271
ENSG00000166012,ENST00000393259,15,93736289,93736304
ENSG00000149231,ENST00000647080,24,96365126,96365150
ENSG00000256684,ENST00000543403,11,96512069,96512080
ENSG00000082175,ENST00000617858,1,101050948,101050949
ENSG00000187240,ENST00000650373,21,103241526,103241547
ENSG00000187240,ENST00000398093,21,103241526,103241547
ENSG00000110675,ENST00000531234,29,107630699,107630728
ENSG00000110675,ENST00000531234,24,107650884,107650908
ENSG00000110675,ENST00000265840,29,107630699,107630728
ENSG00000110675,ENST00000265840,24,107650884,107650908
ENSG00000110675,ENST00000443271,29,107630699,107630728
ENSG00000204381,ENST00000375615,24,111541561,111541585
ENSG00000204381,ENST00000525126,24,111541561,111541585
ENSG00000150776,ENST00000526879,30,112074886,112074916
ENSG00000150776,ENST00000524989,30,112074886,112074916
ENSG00000150782,ENST00000280357,12,112153591,112153603
ENSG00000150782,ENST00000528832,12,112153591,112153603
ENSG00000150787,ENST00000280362,23,112230207,112230230
ENSG00000150787,ENST00000524931,23,112230207,112230230
ENSG00000149294,ENST00000618266,11,113003845,113003856
ENSG00000149294,ENST00000615112,11,113003845,113003856
ENSG00000149294,ENST00000615112,30,113221295,113221325
ENSG00000149294,ENST00000621518,11,113003845,113003856
ENSG00000149294,ENST00000621518,15,113236300,113236315
ENSG00000149294,ENST00000615285,11,113003845,113003856
ENSG00000149294,ENST00000615285,30,113221295,113221325
ENSG00000149294,ENST00000619839,30,113221295,113221325
ENSG00000149294,ENST00000619839,3,113246367,113246370
ENSG00000149294,ENST00000621128,3,113246367,113246370
ENSG00000149294,ENST00000316851,30,113221295,113221325
ENSG00000149294,ENST00000316851,3,113246367,113246370
ENSG00000149294,ENST00000531044,3,113246367,113246370
ENSG00000149294,ENST00000621850,15,113236300,113236315
ENSG00000149294,ENST00000621850,3,113246367,113246370
ENSG00000149294,ENST00000525973,14,113133434,113133448
ENSG00000149294,ENST00000611284,3,113246367,113246370
ENSG00000149294,ENST00000530543,15,113236300,113236315
ENSG00000149294,ENST00000526322,15,113236300,113236315
ENSG00000149294,ENST00000531817,15,113236300,113236315
ENSG00000149294,ENST00000531817,3,113246367,113246370
ENSG00000149294,ENST00000528590,15,113236300,113236315
ENSG00000149294,ENST00000528590,3,113246367,113246370
ENSG00000149294,ENST00000525691,3,113246367,113246370
ENSG00000149292,ENST00000529221,22,113323993,113324015
ENSG00000149292,ENST00000429951,22,113323993,113324015
ENSG00000149292,ENST00000442859,22,113323993,113324015
ENSG00000149292,ENST00000531164,22,113323993,113324015
ENSG00000149292,ENST00000529850,22,113323993,113324015
ENSG00000149292,ENST00000525965,22,113323993,113324015
ENSG00000149292,ENST00000464224,22,113323993,113324015
ENSG00000149292,ENST00000494714,22,113323993,113324015
ENSG00000149292,ENST00000393020,22,113323993,113324015
ENSG00000149292,ENST00000455306,22,113323993,113324015
ENSG00000149292,ENST00000314756,22,113323993,113324015
ENSG00000149292,ENST00000527781,22,113323993,113324015
ENSG00000149292,ENST00000483239,22,113323993,113324015
ENSG00000149292,ENST00000527362,29,113351270,113351299
ENSG00000149295,ENST00000538967,6,113413334,113413340
ENSG00000256452,ENST00000399123,3,113820439,113820442
ENSG00000256947,ENST00000544925,6,114269483,114269489
ENSG00000095110,ENST00000534921,29,114552851,114552880
ENSG00000095110,ENST00000251921,29,114552851,114552880
ENSG00000095110,ENST00000536312,29,114552851,114552880
ENSG00000095110,ENST00000539878,29,114552851,114552880
ENSG00000182985,ENST00000441886,6,115207301,115207307
ENSG00000149577,ENST00000431081,12,117186989,117187001
ENSG00000167257,ENST00000524917,18,117281893,117281911
ENSG00000186318,ENST00000514464,29,117295318,117295347
ENSG00000137726,ENST00000529335,25,117840343,117840368
ENSG00000198851,ENST00000361763,21,118307287,118307308
ENSG00000198851,ENST00000361763,15,118308426,118308441
ENSG00000198851,ENST00000361763,18,118312152,118312170
ENSG00000198851,ENST00000529713,21,118307287,118307308
ENSG00000198851,ENST00000529713,15,118308426,118308441
ENSG00000198851,ENST00000529713,18,118312152,118312170
ENSG00000198851,ENST00000528435,21,118307287,118307308
ENSG00000198851,ENST00000528435,15,118308426,118308441
ENSG00000198851,ENST00000526146,21,118307287,118307308
ENSG00000198851,ENST00000526146,15,118308426,118308441
ENSG00000198851,ENST00000528600,21,118307287,118307308
ENSG00000198851,ENST00000528600,15,118308426,118308441
ENSG00000160654,ENST00000527777,24,118349026,118349050
ENSG00000160654,ENST00000532917,24,118349026,118349050
ENSG00000160654,ENST00000392883,24,118349026,118349050
ENSG00000160654,ENST00000528540,24,118349026,118349050
ENSG00000160654,ENST00000532903,24,118349026,118349050
ENSG00000196655,ENST00000359005,13,119021873,119021886
ENSG00000149428,ENST00000614668,17,119055043,119055060
ENSG00000149428,ENST00000532519,8,119046743,119046751
ENSG00000256269,ENST00000640813,14,119091860,119091874
ENSG00000256269,ENST00000648026,14,119091860,119091874
ENSG00000172269,ENST00000445653,30,119101017,119101047
ENSG00000172367,ENST00000526279,28,119185924,119185952
ENSG00000172367,ENST00000525131,28,119185924,119185952
ENSG00000172367,ENST00000534790,28,119185924,119185952
ENSG00000172367,ENST00000529098,28,119185924,119185952
ENSG00000172367,ENST00000533688,28,119185924,119185952
ENSG00000172367,ENST00000355547,28,119185924,119185952
ENSG00000172367,ENST00000322712,28,119185924,119185952
ENSG00000196914,ENST00000356641,24,120406117,120406141
ENSG00000196914,ENST00000397843,24,120406117,120406141
ENSG00000196914,ENST00000532993,24,120406117,120406141
ENSG00000196914,ENST00000529970,24,120406117,120406141
ENSG00000109929,ENST00000528991,28,121306458,121306486
ENSG00000255248,ENST00000533109,28,122539478,122539506
ENSG00000023171,ENST00000638157,21,123584311,123584332
ENSG00000023171,ENST00000635736,21,123584311,123584332
ENSG00000023171,ENST00000633646,21,123584311,123584332
ENSG00000023171,ENST00000633087,21,123584311,123584332
ENSG00000023171,ENST00000638086,21,123584311,123584332
ENSG00000023171,ENST00000638086,12,123618344,123618356
ENSG00000023171,ENST00000632815,21,123584311,123584332
ENSG00000023171,ENST00000456860,21,123578409,123578430
ENSG00000023171,ENST00000456860,21,123584311,123584332
ENSG00000023171,ENST00000456860,12,123618344,123618356
ENSG00000023171,ENST00000529750,21,123584311,123584332
ENSG00000023171,ENST00000529750,12,123618344,123618356
ENSG00000023171,ENST00000322282,21,123584311,123584332
ENSG00000023171,ENST00000322282,9,123618679,123618688
ENSG00000023171,ENST00000532581,21,123584311,123584332
ENSG00000023171,ENST00000529432,21,123584311,123584332
ENSG00000023171,ENST00000529432,12,123618344,123618356
ENSG00000023171,ENST00000534764,21,123584311,123584332
ENSG00000023171,ENST00000646146,12,123618344,123618356
ENSG00000154146,ENST00000284292,18,124745964,124745982
ENSG00000154146,ENST00000412681,21,124745961,124745982
ENSG00000154134,ENST00000397801,24,124877160,124877184
ENSG00000154134,ENST00000538940,24,124877160,124877184
ENSG00000154134,ENST00000527196,24,124877160,124877184
ENSG00000154134,ENST00000531545,24,124877160,124877184
ENSG00000154134,ENST00000525448,24,124877160,124877184
ENSG00000154134,ENST00000526551,24,124877160,124877184
ENSG00000154134,ENST00000528820,25,124877284,124877309
ENSG00000154134,ENST00000525482,24,124877160,124877184
ENSG00000154134,ENST00000534598,24,124877160,124877184
ENSG00000196844,ENST00000358524,24,125778551,125778575
ENSG00000196844,ENST00000436890,24,125778551,125778575
ENSG00000170325,ENST00000358825,12,129929409,129929421
ENSG00000170325,ENST00000423662,12,129929409,129929421
ENSG00000170325,ENST00000526082,12,129929409,129929421
ENSG00000084234,ENST00000534761,27,130110537,130110564
ENSG00000084234,ENST00000534582,27,130110537,130110564
ENSG00000183715,ENST00000612177,5,132810792,132810797
ENSG00000183715,ENST00000541867,27,132435158,132435185
ENSG00000183715,ENST00000541867,5,132810792,132810797
ENSG00000073614,ENST00000543507,27,387247,387274
ENSG00000082805,ENST00000546231,12,1204500,1204512
ENSG00000082805,ENST00000542302,12,1204500,1204512
ENSG00000082805,ENST00000347735,12,1204500,1204512
ENSG00000082805,ENST00000440394,12,1204500,1204512
ENSG00000082805,ENST00000545948,12,1204500,1204512
ENSG00000082805,ENST00000611180,12,1204500,1204512
ENSG00000082805,ENST00000538971,12,1204500,1204512
ENSG00000082805,ENST00000544277,12,1204500,1204512
ENSG00000151062,ENST00000382722,21,1799674,1799695
ENSG00000151062,ENST00000537784,21,1799674,1799695
ENSG00000151062,ENST00000444595,21,1799674,1799695
ENSG00000151062,ENST00000545595,21,1799674,1799695
ENSG00000151062,ENST00000538450,21,1799674,1799695
ENSG00000151062,ENST00000587995,21,1799674,1799695
ENSG00000151062,ENST00000585385,21,1799674,1799695
ENSG00000151062,ENST00000588077,21,1799674,1799695
ENSG00000151062,ENST00000538027,21,1799674,1799695
ENSG00000151062,ENST00000536846,21,1799674,1799695
ENSG00000151062,ENST00000586184,21,1799674,1799695
ENSG00000151062,ENST00000585708,21,1799674,1799695
ENSG00000151062,ENST00000537923,14,1799674,1799688
ENSG00000151067,ENST00000335762,27,2556950,2556977
ENSG00000151067,ENST00000399655,27,2556950,2556977
ENSG00000151067,ENST00000480911,27,2556950,2556977
ENSG00000151067,ENST00000399595,27,2556950,2556977
ENSG00000151067,ENST00000399644,27,2556950,2556977
ENSG00000151067,ENST00000399638,27,2556950,2556977
ENSG00000151067,ENST00000399597,27,2556950,2556977
ENSG00000151067,ENST00000399621,27,2556950,2556977
ENSG00000151067,ENST00000399637,27,2556950,2556977
ENSG00000151067,ENST00000399591,27,2556950,2556977
ENSG00000151067,ENST00000399641,27,2556950,2556977
ENSG00000151067,ENST00000347598,27,2556950,2556977
ENSG00000151067,ENST00000399606,27,2556950,2556977
ENSG00000151067,ENST00000399601,27,2556950,2556977
ENSG00000151067,ENST00000344100,27,2556950,2556977
ENSG00000151067,ENST00000399629,27,2556950,2556977
ENSG00000151067,ENST00000327702,27,2556950,2556977
ENSG00000151067,ENST00000399649,27,2556950,2556977
ENSG00000151067,ENST00000402845,27,2556950,2556977
ENSG00000151067,ENST00000399603,27,2556950,2556977
ENSG00000151067,ENST00000399634,27,2556950,2556977
ENSG00000151067,ENST00000399617,27,2556950,2556977
ENSG00000151067,ENST00000406454,27,2556950,2556977
ENSG00000151067,ENST00000491104,27,2556950,2556977
ENSG00000010219,ENST00000539701,27,4573329,4573356
ENSG00000010219,ENST00000538520,27,4573329,4573356
ENSG00000047617,ENST00000327087,12,5732865,5732877
ENSG00000047617,ENST00000327087,3,5836777,5836780
ENSG00000047617,ENST00000356134,12,5732865,5732877
ENSG00000047617,ENST00000356134,3,5851956,5851959
ENSG00000067182,ENST00000534885,29,6330266,6330295
ENSG00000067182,ENST00000162749,29,6330266,6330295
ENSG00000067182,ENST00000536717,29,6330266,6330295
ENSG00000067182,ENST00000543995,29,6330266,6330295
ENSG00000067182,ENST00000540022,29,6330266,6330295
ENSG00000067182,ENST00000543359,29,6330266,6330295
ENSG00000067182,ENST00000537842,29,6330266,6330295
ENSG00000067182,ENST00000543048,21,6333844,6333865
ENSG00000111321,ENST00000539925,26,6388799,6388825
ENSG00000111321,ENST00000228918,26,6388799,6388825
ENSG00000111321,ENST00000541102,26,6388799,6388825
ENSG00000111321,ENST00000541005,26,6388799,6388825
ENSG00000010295,ENST00000436152,9,6549475,6549484
ENSG00000010295,ENST00000465801,9,6549475,6549484
ENSG00000010295,ENST00000336604,9,6549475,6549484
ENSG00000010295,ENST00000619571,9,6549475,6549484
ENSG00000010295,ENST00000356896,9,6549475,6549484
ENSG00000010295,ENST00000615885,9,6549475,6549484
ENSG00000111641,ENST00000538420,22,6566800,6566822
ENSG00000215021,ENST00000537646,6,6965910,6965916
ENSG00000215021,ENST00000543465,6,6965910,6965916
ENSG00000215021,ENST00000535923,6,6965910,6965916
ENSG00000215021,ENST00000440277,6,6965910,6965916
ENSG00000182326,ENST00000617865,11,7063401,7063412
ENSG00000182326,ENST00000617865,17,7067788,7067805
ENSG00000111701,ENST00000229304,28,7654604,7654632
ENSG00000089818,ENST00000639038,11,8091839,8091850
ENSG00000197614,ENST00000535411,30,8651661,8651691
ENSG00000197614,ENST00000359478,30,8651661,8651691
ENSG00000197614,ENST00000538694,30,8651661,8651691
ENSG00000197614,ENST00000537009,30,8651661,8651691
ENSG00000197614,ENST00000534833,30,8651661,8651691
ENSG00000197614,ENST00000544889,30,8651661,8651691
ENSG00000166535,ENST00000299698,21,8834661,8834682
ENSG00000111752,ENST00000543824,9,8916060,8916069
ENSG00000111752,ENST00000540574,24,8922632,8922656
ENSG00000175899,ENST00000318602,21,9110313,9110334
ENSG00000175899,ENST00000539638,21,9110313,9110334
ENSG00000126838,ENST00000261336,21,9201326,9201347
ENSG00000126838,ENST00000535230,21,9201326,9201347
ENSG00000214776,ENST00000641639,21,9490852,9490873
ENSG00000151491,ENST00000646123,24,15634738,15634762
ENSG00000048540,ENST00000616247,8,16600713,16600721
ENSG00000052126,ENST00000429027,18,19270187,19270205
ENSG00000139154,ENST00000398864,27,19518086,19518113
ENSG00000139154,ENST00000360995,27,19518086,19518113
ENSG00000139154,ENST00000512223,27,19518086,19518113
ENSG00000139154,ENST00000398731,27,19518086,19518113
ENSG00000205754,ENST00000545916,22,21089907,21089929
ENSG00000257062,ENST00000593147,22,21089907,21089929
ENSG00000257062,ENST00000592513,24,21119603,21119627
ENSG00000256995,ENST00000540994,26,23038501,23038527
ENSG00000118308,ENST00000636465,28,25089762,25089790
ENSG00000118308,ENST00000361433,28,25089762,25089790
ENSG00000118308,ENST00000354454,28,25089762,25089790
ENSG00000118308,ENST00000536173,28,25089762,25089790
ENSG00000118308,ENST00000548766,28,25089762,25089790
ENSG00000118308,ENST00000549437,28,25089762,25089790
ENSG00000118308,ENST00000547044,28,25089762,25089790
ENSG00000118308,ENST00000557472,28,25089762,25089790
ENSG00000118307,ENST00000354189,18,25190613,25190631
ENSG00000118307,ENST00000395987,18,25190613,25190631
ENSG00000118307,ENST00000395990,18,25190613,25190631
ENSG00000110841,ENST00000540114,30,27674191,27674221
ENSG00000110841,ENST00000537927,30,27674191,27674221
ENSG00000110841,ENST00000318304,30,27674191,27674221
ENSG00000110841,ENST00000542629,30,27674191,27674221
ENSG00000110841,ENST00000228425,30,27674191,27674221
ENSG00000087502,ENST00000548909,28,29341733,29341761
ENSG00000285517,ENST00000648367,5,30798310,30798315
ENSG00000177359,ENST00000641844,21,31195520,31195541
ENSG00000177359,ENST00000642199,21,31195520,31195541
ENSG00000151746,ENST00000551086,12,32107661,32107673
ENSG00000139116,ENST00000636569,15,39315228,39315243
ENSG00000139116,ENST00000636569,21,39330241,39330262
ENSG00000139116,ENST00000361961,12,39315228,39315240
ENSG00000139116,ENST00000361961,21,39330241,39330262
ENSG00000139116,ENST00000552961,21,39330241,39330262
ENSG00000139116,ENST00000361418,12,39315228,39315240
ENSG00000139116,ENST00000361418,21,39330241,39330262
ENSG00000139116,ENST00000541463,21,39330241,39330262
ENSG00000188906,ENST00000644108,26,40227890,40227916
ENSG00000205592,ENST00000454784,27,40400040,40400067
ENSG00000205592,ENST00000454784,30,40448165,40448195
ENSG00000205592,ENST00000454784,30,40520426,40520456
ENSG00000205592,ENST00000454784,30,40563530,40563560
ENSG00000139168,ENST00000266529,29,42322417,42322446
ENSG00000139168,ENST00000552673,29,42322417,42322446
ENSG00000139168,ENST00000552235,29,42322417,42322446
ENSG00000198001,ENST00000448290,28,43773044,43773072
ENSG00000151239,ENST00000548315,21,43798564,43798585
ENSG00000079337,ENST00000389212,16,47758550,47758566
ENSG00000061273,ENST00000485796,24,47795586,47795610
ENSG00000061273,ENST00000417107,23,47819119,47819142
ENSG00000139219,ENST00000380518,17,47998414,47998431
ENSG00000139219,ENST00000337299,17,47998414,47998431
ENSG00000139219,ENST00000474996,17,47998414,47998431
ENSG00000177627,ENST00000548364,25,48490811,48490836
ENSG00000177627,ENST00000380491,25,48490811,48490836
ENSG00000174233,ENST00000550422,26,48775672,48775698
ENSG00000174233,ENST00000357869,26,48775672,48775698
ENSG00000174233,ENST00000307885,26,48775672,48775698
ENSG00000174233,ENST00000552090,26,48775672,48775698
ENSG00000167535,ENST00000540990,20,48824948,48824968
ENSG00000167535,ENST00000536187,20,48824948,48824968
ENSG00000167535,ENST00000550064,20,48824948,48824968
ENSG00000167535,ENST00000547392,20,48824948,48824968
ENSG00000167535,ENST00000301050,20,48824948,48824968
ENSG00000167535,ENST00000547230,20,48824948,48824968
ENSG00000167535,ENST00000551544,20,48824948,48824968
ENSG00000174243,ENST00000550834,12,48837025,48837037
ENSG00000134287,ENST00000541959,10,48941567,48941577
ENSG00000139636,ENST00000547382,14,49101249,49101263
ENSG00000139636,ENST00000553040,14,49101249,49101263
ENSG00000139636,ENST00000551143,14,49101249,49101263
ENSG00000187778,ENST00000551598,29,49559938,49559967
ENSG00000187778,ENST00000546244,29,49559938,49559967
ENSG00000187778,ENST00000548602,29,49559938,49559967
ENSG00000187778,ENST00000551625,29,49559938,49559967
ENSG00000187778,ENST00000343810,29,49559938,49559967
ENSG00000187778,ENST00000550165,29,49559938,49559967
ENSG00000187778,ENST00000547182,29,49559938,49559967
ENSG00000187778,ENST00000357123,29,49559938,49559967
ENSG00000187778,ENST00000553173,29,49559938,49559967
ENSG00000110844,ENST00000548825,28,49632595,49632623
ENSG00000110844,ENST00000548825,26,49632854,49632880
ENSG00000110844,ENST00000548825,25,49633636,49633661
ENSG00000110844,ENST00000548436,25,49633636,49633661
ENSG00000110844,ENST00000261897,28,49632595,49632623
ENSG00000110844,ENST00000261897,26,49632854,49632880
ENSG00000110844,ENST00000261897,25,49633636,49633661
ENSG00000110844,ENST00000551111,28,49632595,49632623
ENSG00000110844,ENST00000551111,26,49632854,49632880
ENSG00000110844,ENST00000380281,28,49632595,49632623
ENSG00000110844,ENST00000380281,26,49632854,49632880
ENSG00000110844,ENST00000380281,25,49633636,49633661
ENSG00000110844,ENST00000551320,25,49633636,49633661
ENSG00000167580,ENST00000551526,25,49955398,49955423
ENSG00000050405,ENST00000552008,22,50201302,50201324
ENSG00000161813,ENST00000614335,6,50441589,50441595
ENSG00000161813,ENST00000615080,10,50441295,50441305
ENSG00000066084,ENST00000546719,30,50655010,50655040
ENSG00000110911,ENST00000547510,25,51005652,51005677
ENSG00000110925,ENST00000552680,27,51076620,51076647
ENSG00000170545,ENST00000605627,20,51253573,51253593
ENSG00000135480,ENST00000638501,27,52245411,52245438
ENSG00000111077,ENST00000379902,30,53063562,53063592
ENSG00000111077,ENST00000314276,30,53063562,53063592
ENSG00000111077,ENST00000314250,30,53063562,53063592
ENSG00000111077,ENST00000549311,30,53063562,53063592
ENSG00000111077,ENST00000546602,30,53063562,53063592
ENSG00000111077,ENST00000552570,30,53063562,53063592
ENSG00000111077,ENST00000549700,30,53063562,53063592
ENSG00000111077,ENST00000552168,30,53063562,53063592
ENSG00000257379,ENST00000547717,24,53455346,53455370
ENSG00000197111,ENST00000359282,24,53455346,53455370
ENSG00000197111,ENST00000447282,24,53455346,53455370
ENSG00000197111,ENST00000437231,24,53455346,53455370
ENSG00000197111,ENST00000549863,24,53455346,53455370
ENSG00000197111,ENST00000359462,24,53455346,53455370
ENSG00000197111,ENST00000546463,24,53455346,53455370
ENSG00000197111,ENST00000552296,24,53455346,53455370
ENSG00000197111,ENST00000550192,24,53455346,53455370
ENSG00000197111,ENST00000551104,24,53455346,53455370
ENSG00000197111,ENST00000552980,24,53455346,53455370
ENSG00000197111,ENST00000552819,24,53455346,53455370
ENSG00000197111,ENST00000455667,24,53455346,53455370
ENSG00000197111,ENST00000439930,24,53455346,53455370
ENSG00000197111,ENST00000548933,24,53455346,53455370
ENSG00000197111,ENST00000546652,24,53455346,53455370
ENSG00000197111,ENST00000562264,24,53455346,53455370
ENSG00000123415,ENST00000505597,22,54187818,54187840
ENSG00000248576,ENST00000504210,23,54164998,54165021
ENSG00000135486,ENST00000547276,24,54282572,54282596
ENSG00000135447,ENST00000547431,17,54580375,54580392
ENSG00000135424,ENST00000554724,21,55701133,55701154
ENSG00000205323,ENST00000546604,26,55790566,55790592
ENSG00000205323,ENST00000546604,29,55794358,55794387
ENSG00000205323,ENST00000552884,26,55790566,55790592
ENSG00000205323,ENST00000552884,29,55794358,55794387
ENSG00000205323,ENST00000336133,26,55790566,55790592
ENSG00000205323,ENST00000336133,29,55794358,55794387
ENSG00000205323,ENST00000552080,26,55790566,55790592
ENSG00000205323,ENST00000552080,29,55794358,55794387
ENSG00000257390,ENST00000546837,26,55790566,55790592
ENSG00000257390,ENST00000546837,29,55794358,55794387
ENSG00000065357,ENST00000555218,14,55937016,55937030
ENSG00000065357,ENST00000555218,28,55938024,55938052
ENSG00000185664,ENST00000549233,23,55971744,55971767
ENSG00000065361,ENST00000550070,30,56096502,56096532
ENSG00000229117,ENST00000546591,23,56117188,56117211
ENSG00000229117,ENST00000501597,25,56116774,56116799
ENSG00000229117,ENST00000501597,23,56117188,56117211
ENSG00000229117,ENST00000546485,23,56117188,56117211
ENSG00000229117,ENST00000358888,23,56117188,56117211
ENSG00000196465,ENST00000553066,28,56154812,56154840
ENSG00000196465,ENST00000550443,28,56154812,56154840
ENSG00000196465,ENST00000405661,28,56154812,56154840
ENSG00000196465,ENST00000552568,28,56154812,56154840
ENSG00000196465,ENST00000550152,28,56154812,56154840
ENSG00000196465,ENST00000548571,28,56158683,56158711
ENSG00000092841,ENST00000550697,28,56158683,56158711
ENSG00000092841,ENST00000548580,28,56158683,56158711
ENSG00000092841,ENST00000552297,28,56158683,56158711
ENSG00000092841,ENST00000549017,28,56158683,56158711
ENSG00000092841,ENST00000547703,28,56158683,56158711
ENSG00000092841,ENST00000547649,28,56158683,56158711
ENSG00000092841,ENST00000548725,28,56158683,56158711
ENSG00000092841,ENST00000547408,28,56158683,56158711
ENSG00000092841,ENST00000551589,28,56158683,56158711
ENSG00000092841,ENST00000550639,28,56158683,56158711
ENSG00000092841,ENST00000549392,28,56158683,56158711
ENSG00000092841,ENST00000548400,28,56158683,56158711
ENSG00000092841,ENST00000548293,28,56158683,56158711
ENSG00000062485,ENST00000549143,21,56286624,56286645
ENSG00000062485,ENST00000550734,26,56286594,56286620
ENSG00000062485,ENST00000551936,26,56286594,56286620
ENSG00000170581,ENST00000314128,21,56350411,56350432
ENSG00000170581,ENST00000557235,21,56350411,56350432
ENSG00000170581,ENST00000418572,21,56350411,56350432
ENSG00000110955,ENST00000551570,12,56642672,56642684
ENSG00000110958,ENST00000537473,25,56664775,56664800
ENSG00000110958,ENST00000262033,25,56664775,56664800
ENSG00000110958,ENST00000614328,25,56664775,56664800
ENSG00000110958,ENST00000414274,25,56664775,56664800
ENSG00000110958,ENST00000436399,25,56664775,56664800
ENSG00000110958,ENST00000448157,25,56664775,56664800
ENSG00000110958,ENST00000456859,25,56664775,56664800
ENSG00000166863,ENST00000357616,30,57013358,57013388
ENSG00000166863,ENST00000458521,30,57013358,57013388
ENSG00000166863,ENST00000438756,30,57013358,57013388
ENSG00000166863,ENST00000393867,30,57013358,57013388
ENSG00000166863,ENST00000379411,30,57013358,57013388
ENSG00000166863,ENST00000441881,30,57013358,57013388
ENSG00000166863,ENST00000423597,30,57013358,57013388
ENSG00000166863,ENST00000300108,30,57013358,57013388
ENSG00000166863,ENST00000615887,30,57013358,57013388
ENSG00000166863,ENST00000415231,30,57013358,57013388
ENSG00000179912,ENST00000634871,24,57305639,57305663
ENSG00000166986,ENST00000552499,20,57516138,57516158
ENSG00000175203,ENST00000434715,6,57538518,57538524
ENSG00000175203,ENST00000434715,9,57541363,57541372
ENSG00000175203,ENST00000549394,9,57541363,57541372
ENSG00000175203,ENST00000546758,27,57532783,57532810
ENSG00000175203,ENST00000543672,6,57538518,57538524
ENSG00000155980,ENST00000455537,28,57582601,57582629
ENSG00000155980,ENST00000286452,28,57582601,57582629
ENSG00000135454,ENST00000548487,26,57631338,57631364
ENSG00000135454,ENST00000550943,26,57631338,57631364
ENSG00000135506,ENST00000552787,15,57695961,57695976
ENSG00000135506,ENST00000413095,24,57716720,57716744
ENSG00000135506,ENST00000435406,20,57695961,57695981
ENSG00000135446,ENST00000312990,16,57750655,57750671
ENSG00000135446,ENST00000551888,16,57750655,57750671
ENSG00000258231,ENST00000546977,29,58801259,58801288
ENSG00000258231,ENST00000548969,29,58801259,58801288
ENSG00000258231,ENST00000552519,29,58801259,58801288
ENSG00000135655,ENST00000549523,24,62312285,62312309
ENSG00000061987,ENST00000641654,3,62544765,62544768
ENSG00000061987,ENST00000641654,18,62566013,62566031
ENSG00000061987,ENST00000393630,18,62566013,62566031
ENSG00000061987,ENST00000546600,18,62566013,62566031
ENSG00000061987,ENST00000547095,18,62566013,62566031
ENSG00000177990,ENST00000324472,25,63583811,63583836
ENSG00000177990,ENST00000324472,25,63665834,63665859
ENSG00000177990,ENST00000439061,25,63583811,63583836
ENSG00000177990,ENST00000306389,25,63665834,63665859
ENSG00000177990,ENST00000536494,25,63665834,63665859
ENSG00000177990,ENST00000538147,25,63665834,63665859
ENSG00000196935,ENST00000355086,28,64086998,64087026
ENSG00000196935,ENST00000631006,28,64086998,64087026
ENSG00000196935,ENST00000543397,28,64086998,64087026
ENSG00000111490,ENST00000456757,22,64787359,64787381
ENSG00000111490,ENST00000542120,22,64787359,64787381
ENSG00000174099,ENST00000355192,29,65368997,65369026
ENSG00000174099,ENST00000308259,29,65368997,65369026
ENSG00000174099,ENST00000541897,29,65368997,65369026
ENSG00000174099,ENST00000540804,29,65368997,65369026
ENSG00000174099,ENST00000535664,29,65368997,65369026
ENSG00000174099,ENST00000541189,29,65368997,65369026
ENSG00000174099,ENST00000538045,29,65368997,65369026
ENSG00000174099,ENST00000642411,29,65368997,65369026
ENSG00000174099,ENST00000535239,29,65368997,65369026
ENSG00000174099,ENST00000614640,29,65368997,65369026
ENSG00000174099,ENST00000646299,29,65368997,65369026
ENSG00000174099,ENST00000642404,29,65368997,65369026
ENSG00000174099,ENST00000446731,29,65368997,65369026
ENSG00000174099,ENST00000647481,29,65368997,65369026
ENSG00000174099,ENST00000535143,29,65368997,65369026
ENSG00000155957,ENST00000613669,19,66138723,66138742
ENSG00000155957,ENST00000613669,25,66138744,66138769
ENSG00000155957,ENST00000542724,11,66138723,66138734
ENSG00000155957,ENST00000556010,7,66145354,66145361
ENSG00000111554,ENST00000411698,30,68316580,68316610
ENSG00000135679,ENST00000393415,15,68835828,68835843
ENSG00000135679,ENST00000544561,27,68816811,68816838
ENSG00000135679,ENST00000546048,14,68824554,68824568
ENSG00000111605,ENST00000551516,13,69251128,69251141
ENSG00000127329,ENST00000334414,18,70539826,70539844
ENSG00000127329,ENST00000550358,18,70539826,70539844
ENSG00000127329,ENST00000538708,18,70539826,70539844
ENSG00000127329,ENST00000550857,18,70539826,70539844
ENSG00000127329,ENST00000261266,18,70539826,70539844
ENSG00000173401,ENST00000378695,27,75369959,75369986
ENSG00000173401,ENST00000547144,27,75369959,75369986
ENSG00000180481,ENST00000550916,27,75430714,75430741
ENSG00000180481,ENST00000378692,27,75430714,75430741
ENSG00000139278,ENST00000266659,27,75498693,75498720
ENSG00000187109,ENST00000618691,30,76049755,76049785
ENSG00000187109,ENST00000618691,20,76053090,76053110
ENSG00000187109,ENST00000261182,30,76049755,76049785
ENSG00000187109,ENST00000261182,20,76053090,76053110
ENSG00000187109,ENST00000552056,30,76049755,76049785
ENSG00000187109,ENST00000552056,20,76053090,76053110
ENSG00000187109,ENST00000393263,30,76049755,76049785
ENSG00000187109,ENST00000393263,20,76053090,76053110
ENSG00000187109,ENST00000431879,30,76049755,76049785
ENSG00000187109,ENST00000431879,20,76053090,76053110
ENSG00000187109,ENST00000552147,30,76049755,76049785
ENSG00000187109,ENST00000552147,20,76053090,76053110
ENSG00000187109,ENST00000547773,30,76049755,76049785
ENSG00000187109,ENST00000547773,20,76053090,76053110
ENSG00000187109,ENST00000544816,30,76049755,76049785
ENSG00000187109,ENST00000544816,20,76053090,76053110
ENSG00000187109,ENST00000542344,30,76049755,76049785
ENSG00000187109,ENST00000542344,20,76053090,76053110
ENSG00000187109,ENST00000535020,30,76049755,76049785
ENSG00000187109,ENST00000535020,20,76053090,76053110
ENSG00000187109,ENST00000549596,20,76053090,76053110
ENSG00000187109,ENST00000547993,30,76049755,76049785
ENSG00000187109,ENST00000547993,20,76053090,76053110
ENSG00000187109,ENST00000552342,20,76053090,76053110
ENSG00000187109,ENST00000547529,20,76053090,76053110
ENSG00000187109,ENST00000548044,20,76053090,76053110
ENSG00000091039,ENST00000393249,30,76537956,76537986
ENSG00000091039,ENST00000549570,30,76537956,76537986
ENSG00000091039,ENST00000551927,30,76537956,76537986
ENSG00000091039,ENST00000547544,30,76537956,76537986
ENSG00000091039,ENST00000552178,30,76537956,76537986
ENSG00000165891,ENST00000552907,24,77044245,77044269
ENSG00000067798,ENST00000536525,24,78146368,78146392
ENSG00000067798,ENST00000536525,21,78176438,78176459
ENSG00000067798,ENST00000397909,24,78146368,78146392
ENSG00000067798,ENST00000397909,21,78176438,78176459
ENSG00000067798,ENST00000644176,24,78146368,78146392
ENSG00000067798,ENST00000552895,24,78146368,78146392
ENSG00000067798,ENST00000552895,21,78176438,78176459
ENSG00000067798,ENST00000550788,24,78146368,78146392
ENSG00000058272,ENST00000261207,17,79790466,79790483
ENSG00000058272,ENST00000450142,17,79790466,79790483
ENSG00000058272,ENST00000437004,17,79790466,79790483
ENSG00000058272,ENST00000546762,25,79782570,79782595
ENSG00000058272,ENST00000546762,17,79790466,79790483
ENSG00000058272,ENST00000634739,13,79779338,79779351
ENSG00000058272,ENST00000550903,17,79790466,79790483
ENSG00000058272,ENST00000550299,17,79790466,79790483
ENSG00000058272,ENST00000546369,17,79790466,79790483
ENSG00000058272,ENST00000550107,17,79790466,79790483
ENSG00000165899,ENST00000646859,27,80314304,80314331
ENSG00000165899,ENST00000646859,24,80336796,80336820
ENSG00000165899,ENST00000547103,27,80314304,80314331
ENSG00000165899,ENST00000547103,24,80336796,80336820
ENSG00000165899,ENST00000458043,27,80314304,80314331
ENSG00000165899,ENST00000458043,24,80336796,80336820
ENSG00000165899,ENST00000298820,24,80336796,80336820
ENSG00000139304,ENST00000614701,27,80648896,80648923
ENSG00000139304,ENST00000644991,27,80648896,80648923
ENSG00000139220,ENST00000541017,30,81344663,81344693
ENSG00000139220,ENST00000333447,30,81283009,81283039
ENSG00000139220,ENST00000333447,30,81344663,81344693
ENSG00000139220,ENST00000549396,30,81283009,81283039
ENSG00000139220,ENST00000549396,30,81344663,81344693
ENSG00000139220,ENST00000550584,30,81283009,81283039
ENSG00000139220,ENST00000550584,30,81344663,81344693
ENSG00000139220,ENST00000549325,30,81283009,81283039
ENSG00000139220,ENST00000549325,9,81312159,81312168
ENSG00000139220,ENST00000549325,30,81344663,81344693
ENSG00000139220,ENST00000545296,20,81374748,81374768
ENSG00000139220,ENST00000541570,30,81344663,81344693
ENSG00000139220,ENST00000551461,30,81344663,81344693
ENSG00000139220,ENST00000550359,30,81283009,81283039
ENSG00000139220,ENST00000550359,30,81344663,81344693
ENSG00000139220,ENST00000407050,30,81283009,81283039
ENSG00000139220,ENST00000407050,30,81344663,81344693
ENSG00000139220,ENST00000548586,30,81283009,81283039
ENSG00000139220,ENST00000548586,30,81344663,81344693
ENSG00000139220,ENST00000443686,30,81283009,81283039
ENSG00000139220,ENST00000443686,30,81344663,81344693
ENSG00000139220,ENST00000552948,30,81283009,81283039
ENSG00000139220,ENST00000552948,30,81344663,81344693
ENSG00000139220,ENST00000550018,9,81312159,81312168
ENSG00000139220,ENST00000551147,30,81283009,81283039
ENSG00000139220,ENST00000551147,9,81312159,81312168
ENSG00000139220,ENST00000549917,30,81344663,81344693
ENSG00000127720,ENST00000248306,30,82434694,82434724
ENSG00000127720,ENST00000547357,30,82434694,82434724
ENSG00000127720,ENST00000550298,30,82434694,82434724
ENSG00000258815,ENST00000555596,22,85318957,85318979
ENSG00000198707,ENST00000309041,21,88130544,88130565
ENSG00000198707,ENST00000552810,21,88130544,88130565
ENSG00000198707,ENST00000397838,21,88109160,88109181
ENSG00000198707,ENST00000397838,21,88130544,88130565
ENSG00000198707,ENST00000547926,21,88130544,88130565
ENSG00000198707,ENST00000550962,21,88130544,88130565
ENSG00000139323,ENST00000547496,23,89460015,89460038
ENSG00000139323,ENST00000549304,23,89460015,89460038
ENSG00000187510,ENST00000344636,23,92707649,92707672
ENSG00000257252,ENST00000552835,29,93328026,93328055
ENSG00000198015,ENST00000551396,20,93470485,93470505
ENSG00000173588,ENST00000397807,16,94312913,94312929
ENSG00000184752,ENST00000547157,16,95002805,95002821
ENSG00000028203,ENST00000261219,18,95266401,95266419
ENSG00000074527,ENST00000344911,4,95790250,95790254
ENSG00000084110,ENST00000261208,28,95994797,95994825
ENSG00000084110,ENST00000541929,28,95994797,95994825
ENSG00000084110,ENST00000544080,28,95994797,95994825
ENSG00000084110,ENST00000538703,28,95994797,95994825
ENSG00000084110,ENST00000546999,28,95994797,95994825
ENSG00000084110,ENST00000552509,28,95994797,95994825
ENSG00000084110,ENST00000546579,22,95994797,95994819
ENSG00000111144,ENST00000228740,24,96017556,96017580
ENSG00000111144,ENST00000552789,24,96017556,96017580
ENSG00000111144,ENST00000553041,24,96017556,96017580
ENSG00000111144,ENST00000413268,24,96017556,96017580
ENSG00000111144,ENST00000548852,24,96017556,96017580
ENSG00000139350,ENST00000554226,21,96907603,96907624
ENSG00000139350,ENST00000557092,21,96907603,96907624
ENSG00000139350,ENST00000555806,21,96907603,96907624
ENSG00000139350,ENST00000553609,21,96907603,96907624
ENSG00000245017,ENST00000501499,30,98502582,98502612
ENSG00000120868,ENST00000552929,19,98727172,98727191
ENSG00000185046,ENST00000341752,12,98782125,98782137
ENSG00000185046,ENST00000549558,12,98782125,98782137
ENSG00000185046,ENST00000547776,12,98782125,98782137
ENSG00000185046,ENST00000547010,12,98782125,98782137
ENSG00000185046,ENST00000550693,12,98782125,98782137
ENSG00000185046,ENST00000549025,12,98782125,98782137
ENSG00000185046,ENST00000549493,12,98782125,98782137
ENSG00000185046,ENST00000547446,12,98782125,98782137
ENSG00000185046,ENST00000333732,12,98782125,98782137
ENSG00000185046,ENST00000550778,12,98782125,98782137
ENSG00000185046,ENST00000546568,12,98782125,98782137
ENSG00000185046,ENST00000546960,12,98782125,98782137
ENSG00000185046,ENST00000546364,9,98781489,98781498
ENSG00000257489,ENST00000550096,28,100173656,100173684
ENSG00000136021,ENST00000635101,12,100317680,100317692
ENSG00000111666,ENST00000552351,27,101719489,101719516
ENSG00000111666,ENST00000552215,27,101719489,101719516
ENSG00000171759,ENST00000546708,23,102923572,102923595
ENSG00000235162,ENST00000548458,25,105348601,105348626
ENSG00000235162,ENST00000443585,25,105348601,105348626
ENSG00000235162,ENST00000612117,25,105348601,105348626
ENSG00000235162,ENST00000549893,25,105348601,105348626
ENSG00000235162,ENST00000546866,25,105348601,105348626
ENSG00000235162,ENST00000549934,25,105348601,105348626
ENSG00000110880,ENST00000549384,4,108648962,108648966
ENSG00000110880,ENST00000549384,17,108701306,108701323
ENSG00000110880,ENST00000552030,23,108653037,108653060
ENSG00000110921,ENST00000539696,16,109590845,109590861
ENSG00000139436,ENST00000354574,6,109965759,109965765
ENSG00000139436,ENST00000457474,6,109967313,109967319
ENSG00000174437,ENST00000552636,18,110282603,110282621
ENSG00000174437,ENST00000308664,18,110282603,110282621
ENSG00000174437,ENST00000539276,18,110282603,110282621
ENSG00000111229,ENST00000426440,19,110436664,110436683
ENSG00000111237,ENST00000360579,12,110499534,110499546
ENSG00000111237,ENST00000621131,12,110499534,110499546
ENSG00000111237,ENST00000546588,12,110499534,110499546
ENSG00000111237,ENST00000553128,12,110499534,110499546
ENSG00000204852,ENST00000551590,21,110636480,110636501
ENSG00000204852,ENST00000614115,21,110636480,110636501
ENSG00000204852,ENST00000490514,21,110636480,110636501
ENSG00000204852,ENST00000397656,21,110636480,110636501
ENSG00000204852,ENST00000495659,21,110636480,110636501
ENSG00000204852,ENST00000397655,21,110636480,110636501
ENSG00000204852,ENST00000397659,21,110636480,110636501
ENSG00000204852,ENST00000464809,21,110636480,110636501
ENSG00000204852,ENST00000480648,21,110636480,110636501
ENSG00000204852,ENST00000377654,21,110636480,110636501
ENSG00000204852,ENST00000551555,21,110636480,110636501
ENSG00000111271,ENST00000514615,24,111686350,111686374
ENSG00000089169,ENST00000549736,12,112836490,112836502
ENSG00000089169,ENST00000548197,12,112836490,112836502
ENSG00000089169,ENST00000547686,12,112836490,112836502
ENSG00000089169,ENST00000543106,12,112836490,112836502
ENSG00000089169,ENST00000551593,12,112836490,112836502
ENSG00000089169,ENST00000551748,12,112836490,112836502
ENSG00000089169,ENST00000546703,12,112836490,112836502
ENSG00000089169,ENST00000547840,12,112836490,112836502
ENSG00000089169,ENST00000547728,12,112836490,112836502
ENSG00000089169,ENST00000549769,12,112836490,112836502
ENSG00000089169,ENST00000552667,12,112836490,112836502
ENSG00000089169,ENST00000389385,12,112836490,112836502
ENSG00000089169,ENST00000550901,12,112836490,112836502
ENSG00000089169,ENST00000551198,12,112836490,112836502
ENSG00000089169,ENST00000415485,12,112836490,112836502
ENSG00000089169,ENST00000552679,4,112836498,112836502
ENSG00000089169,ENST00000553114,12,112836490,112836502
ENSG00000089169,ENST00000548866,12,112836490,112836502
ENSG00000089169,ENST00000547099,12,112836490,112836502
ENSG00000089250,ENST00000344089,15,117330518,117330533
ENSG00000089250,ENST00000344089,3,117330534,117330537
ENSG00000176834,ENST00000359236,16,118071051,118071067
ENSG00000176834,ENST00000321694,4,118117035,118117039
ENSG00000111707,ENST00000543473,20,118389926,118389946
ENSG00000111707,ENST00000543473,22,118401982,118402004
ENSG00000139767,ENST00000267260,27,119120249,119120276
ENSG00000139767,ENST00000545224,27,119120249,119120276
ENSG00000139767,ENST00000641899,16,119144538,119144554
ENSG00000135124,ENST00000543171,25,121232610,121232635
ENSG00000135124,ENST00000542067,16,121222946,121222962
ENSG00000110931,ENST00000392474,22,121255782,121255804
ENSG00000110931,ENST00000347034,22,121255782,121255804
ENSG00000110931,ENST00000538733,22,121255782,121255804
ENSG00000110931,ENST00000337174,22,121255782,121255804
ENSG00000110931,ENST00000324774,22,121255782,121255804
ENSG00000110931,ENST00000545538,22,121255782,121255804
ENSG00000110931,ENST00000412367,22,121255782,121255804
ENSG00000110931,ENST00000404169,22,121255782,121255804
ENSG00000110931,ENST00000402834,22,121255782,121255804
ENSG00000110931,ENST00000446440,22,121255782,121255804
ENSG00000110931,ENST00000392473,22,121255782,121255804
ENSG00000110931,ENST00000535524,25,121255549,121255574
ENSG00000089094,ENST00000536437,17,121439856,121439873
ENSG00000158104,ENST00000289004,27,121858686,121858713
ENSG00000158104,ENST00000543163,27,121858686,121858713
ENSG00000158104,ENST00000542159,21,121856582,121856603
ENSG00000158104,ENST00000535114,27,121858686,121858713
ENSG00000130779,ENST00000648993,6,122276438,122276444
ENSG00000111011,ENST00000525335,17,122514711,122514728
ENSG00000111011,ENST00000528263,17,122514711,122514728
ENSG00000139726,ENST00000280557,20,122762186,122762206
ENSG00000139726,ENST00000455982,20,122762186,122762206
ENSG00000139726,ENST00000539463,20,122762186,122762206
ENSG00000086598,ENST00000438031,21,123587610,123587631
ENSG00000111358,ENST00000618160,30,123652531,123652561
ENSG00000111358,ENST00000618160,29,123652706,123652735
ENSG00000111358,ENST00000542279,30,123652531,123652561
ENSG00000111358,ENST00000542279,29,123652706,123652735
ENSG00000111358,ENST00000539994,30,123652531,123652561
ENSG00000111358,ENST00000539994,29,123652706,123652735
ENSG00000111358,ENST00000538845,30,123652531,123652561
ENSG00000111358,ENST00000538845,29,123652706,123652735
ENSG00000111358,ENST00000228955,30,123652531,123652561
ENSG00000111358,ENST00000228955,29,123652706,123652735
ENSG00000111358,ENST00000543341,30,123652531,123652561
ENSG00000111358,ENST00000543341,29,123652706,123652735
ENSG00000111358,ENST00000537695,29,123652706,123652735
ENSG00000111358,ENST00000536375,30,123652531,123652561
ENSG00000111358,ENST00000536375,29,123652706,123652735
ENSG00000111358,ENST00000543415,30,123652531,123652561
ENSG00000111358,ENST00000543415,29,123652706,123652735
ENSG00000111358,ENST00000538533,30,123652531,123652561
ENSG00000111358,ENST00000538533,29,123652706,123652735
ENSG00000111358,ENST00000543154,30,123652531,123652561
ENSG00000111358,ENST00000543154,29,123652706,123652735
ENSG00000060709,ENST00000644209,21,130469148,130469169
ENSG00000112787,ENST00000434748,30,132548002,132548032
ENSG00000112787,ENST00000650108,30,132548002,132548032
ENSG00000112787,ENST00000650108,30,132574318,132574348
ENSG00000112787,ENST00000542306,30,132574318,132574348
ENSG00000112787,ENST00000537804,30,132574318,132574348
ENSG00000279516,ENST00000623511,25,18219525,18219550
ENSG00000206192,ENST00000457997,29,18851936,18851965
ENSG00000121390,ENST00000635562,19,19699379,19699398
ENSG00000180776,ENST00000382466,27,21425651,21425678
ENSG00000180776,ENST00000400590,27,21425651,21425678
ENSG00000180776,ENST00000320220,27,21425651,21425678
ENSG00000180776,ENST00000415724,27,21425651,21425678
ENSG00000165487,ENST00000468222,27,21515533,21515560
ENSG00000139496,ENST00000381736,25,25319325,25319350
ENSG00000139496,ENST00000463407,25,25319325,25319350
ENSG00000139496,ENST00000466694,25,25319325,25319350
ENSG00000139496,ENST00000381718,25,25319325,25319350
ENSG00000139496,ENST00000381747,25,25319325,25319350
ENSG00000139496,ENST00000394327,25,25319325,25319350
ENSG00000186184,ENST00000637071,25,27646193,27646218
ENSG00000231894,ENST00000425638,25,31113847,31113872
ENSG00000073910,ENST00000642040,9,32257963,32257972
ENSG00000244754,ENST00000399396,22,32537005,32537027
ENSG00000172915,ENST00000400445,9,35168986,35168995
ENSG00000172915,ENST00000629018,5,35171090,35171095
ENSG00000133104,ENST00000460126,26,36308418,36308444
ENSG00000133111,ENST00000472888,23,36828335,36828358
ENSG00000120699,ENST00000464235,23,37003494,37003517
ENSG00000120699,ENST00000470423,23,37003494,37003517
ENSG00000102710,ENST00000490716,27,37026789,37026816
ENSG00000102710,ENST00000495071,27,37026789,37026816
ENSG00000102710,ENST00000360252,27,37026789,37026816
ENSG00000102710,ENST00000475892,27,37026789,37026816
ENSG00000102710,ENST00000356185,27,37026789,37026816
ENSG00000102710,ENST00000350612,27,37026789,37026816
ENSG00000102710,ENST00000542180,27,37026789,37026816
ENSG00000102710,ENST00000464744,27,37026789,37026816
ENSG00000102710,ENST00000466563,27,37026789,37026816
ENSG00000102710,ENST00000493537,27,37026789,37026816
ENSG00000102710,ENST00000476539,27,37026789,37026816
ENSG00000102710,ENST00000490602,27,37026789,37026816
ENSG00000102710,ENST00000478911,27,37026789,37026816
ENSG00000183722,ENST00000648377,22,39306340,39306362
ENSG00000188342,ENST00000340473,19,45149769,45149788
ENSG00000136167,ENST00000494531,27,46148781,46148808
ENSG00000136156,ENST00000650237,12,48258935,48258947
ENSG00000136169,ENST00000611815,7,49460016,49460023
ENSG00000102753,ENST00000261667,30,49732746,49732776
ENSG00000231607,ENST00000235290,18,50044750,50044768
ENSG00000136104,ENST00000646960,27,50960144,50960171
ENSG00000136104,ENST00000643682,27,50960144,50960171
ENSG00000136104,ENST00000645990,27,50960144,50960171
ENSG00000136104,ENST00000644183,27,50960144,50960171
ENSG00000136104,ENST00000643159,23,50960148,50960171
ENSG00000136104,ENST00000645618,27,50960144,50960171
ENSG00000136104,ENST00000643215,23,50960148,50960171
ENSG00000226792,ENST00000636098,30,51113192,51113222
ENSG00000226792,ENST00000433280,30,51113192,51113222
ENSG00000123191,ENST00000634308,20,51947850,51947870
ENSG00000165416,ENST00000483074,17,52663095,52663112
ENSG00000165416,ENST00000483074,23,52664034,52664057
ENSG00000165416,ENST00000343788,17,52663095,52663112
ENSG00000165416,ENST00000343788,23,52664034,52664057
ENSG00000165416,ENST00000310528,17,52663095,52663112
ENSG00000165416,ENST00000310528,23,52664034,52664057
ENSG00000231061,ENST00000444536,24,63714351,63714375
ENSG00000227674,ENST00000650541,25,64002384,64002409
ENSG00000227674,ENST00000456627,25,64002384,64002409
ENSG00000224853,ENST00000649189,24,73538729,73538753
ENSG00000136111,ENST00000377636,24,75320013,75320037
ENSG00000188243,ENST00000377615,12,75537663,75537675
ENSG00000188243,ENST00000406936,12,75537663,75537675
ENSG00000188243,ENST00000486516,12,75537663,75537675
ENSG00000188243,ENST00000497707,12,75537663,75537675
ENSG00000188243,ENST00000355801,12,75537663,75537675
ENSG00000188243,ENST00000464050,12,75537663,75537675
ENSG00000188243,ENST00000477377,12,75537663,75537675
ENSG00000118939,ENST00000471792,12,75549975,75549987
ENSG00000118939,ENST00000377595,12,75549975,75549987
ENSG00000261553,ENST00000563635,12,75549975,75549987
ENSG00000136153,ENST00000341547,30,75809153,75809183
ENSG00000136153,ENST00000341547,26,75840084,75840110
ENSG00000136153,ENST00000357063,30,75809153,75809183
ENSG00000136153,ENST00000357063,26,75840084,75840110
ENSG00000136153,ENST00000377499,30,75809153,75809183
ENSG00000136153,ENST00000377499,26,75840084,75840110
ENSG00000136153,ENST00000377534,30,75809153,75809183
ENSG00000136153,ENST00000377534,26,75840084,75840110
ENSG00000136153,ENST00000321797,30,75809153,75809183
ENSG00000136153,ENST00000321797,26,75840084,75840110
ENSG00000136153,ENST00000526202,26,75840084,75840110
ENSG00000136153,ENST00000465261,30,75809153,75809183
ENSG00000136153,ENST00000465261,26,75840084,75840110
ENSG00000136153,ENST00000497947,30,75809153,75809183
ENSG00000136153,ENST00000489941,30,75809153,75809183
ENSG00000136153,ENST00000447038,30,75809153,75809183
ENSG00000136153,ENST00000447038,26,75840084,75840110
ENSG00000136153,ENST00000524651,26,75840084,75840110
ENSG00000136153,ENST00000525914,26,75840084,75840110
ENSG00000226370,ENST00000433074,29,85067999,85068028
ENSG00000232225,ENST00000415193,26,89220533,89220559
ENSG00000231674,ENST00000419272,18,90901220,90901238
ENSG00000125257,ENST00000643051,28,95161764,95161792
ENSG00000139793,ENST00000469707,27,97347040,97347067
ENSG00000088386,ENST00000376503,17,98726842,98726859
ENSG00000088387,ENST00000376460,8,98796205,98796213
ENSG00000088387,ENST00000376460,6,98809122,98809128
ENSG00000088387,ENST00000442173,6,98809122,98809128
ENSG00000198542,ENST00000622834,15,101567698,101567713
ENSG00000187498,ENST00000375820,27,110206864,110206891
ENSG00000187498,ENST00000375820,27,110211646,110211673
ENSG00000187498,ENST00000649738,27,110206864,110206891
ENSG00000187498,ENST00000649738,27,110211646,110211673
ENSG00000187498,ENST00000543140,27,110206864,110206891
ENSG00000187498,ENST00000543140,27,110211646,110211673
ENSG00000187498,ENST00000647797,27,110206864,110206891
ENSG00000187498,ENST00000647797,27,110211646,110211673
ENSG00000187498,ENST00000647632,27,110206864,110206891
ENSG00000187498,ENST00000647632,27,110211646,110211673
ENSG00000187498,ENST00000615732,27,110206864,110206891
ENSG00000187498,ENST00000615732,27,110211646,110211673
ENSG00000187498,ENST00000648966,27,110211646,110211673
ENSG00000187498,ENST00000649484,27,110211646,110211673
ENSG00000057593,ENST00000346342,25,113113751,113113776
ENSG00000057593,ENST00000375581,25,113113751,113113776
ENSG00000057593,ENST00000473085,25,113113751,113113776
ENSG00000126218,ENST00000409306,25,113138456,113138481
ENSG00000126218,ENST00000375551,25,113138456,113138481
ENSG00000126218,ENST00000375559,25,113138456,113138481
ENSG00000126218,ENST00000477269,25,113138456,113138481
ENSG00000126218,ENST00000410083,25,113138456,113138481
ENSG00000126231,ENST00000375547,25,113160947,113160972
ENSG00000126231,ENST00000342783,25,113160947,113160972
ENSG00000126231,ENST00000493630,30,113166097,113166127
ENSG00000183087,ENST00000327773,25,113848025,113848050
ENSG00000183087,ENST00000476291,25,113848025,113848050
ENSG00000278184,ENST00000621292,28,19616999,19617027
ENSG00000136319,ENST00000556592,15,20258184,20258199
ENSG00000165795,ENST00000397847,19,21018795,21018814
ENSG00000165795,ENST00000397856,6,21023240,21023246
ENSG00000165795,ENST00000397856,15,21023306,21023321
ENSG00000165795,ENST00000635386,15,21018456,21018471
ENSG00000165795,ENST00000449431,25,21020557,21020582
ENSG00000092199,ENST00000554969,26,21263310,21263336
ENSG00000092199,ENST00000554455,26,21263310,21263336
ENSG00000092199,ENST00000553753,26,21263310,21263336
ENSG00000092199,ENST00000555914,26,21263310,21263336
ENSG00000092199,ENST00000555309,26,21263310,21263336
ENSG00000092199,ENST00000557442,26,21263310,21263336
ENSG00000092199,ENST00000556628,26,21263310,21263336
ENSG00000092199,ENST00000556513,26,21263310,21263336
ENSG00000092199,ENST00000553300,26,21263310,21263336
ENSG00000092199,ENST00000420743,26,21263310,21263336
ENSG00000092199,ENST00000554539,11,21234218,21234229
ENSG00000092199,ENST00000554539,26,21263310,21263336
ENSG00000092199,ENST00000554383,26,21263310,21263336
ENSG00000092199,ENST00000555215,26,21263310,21263336
ENSG00000092199,ENST00000555137,26,21263310,21263336
ENSG00000092199,ENST00000554891,26,21263310,21263336
ENSG00000092199,ENST00000556226,26,21263310,21263336
ENSG00000092199,ENST00000555176,26,21263310,21263336
ENSG00000092199,ENST00000553614,26,21263310,21263336
ENSG00000092199,ENST00000557336,26,21263310,21263336
ENSG00000092200,ENST00000556336,24,21310583,21310607
ENSG00000092200,ENST00000557771,24,21310583,21310607
ENSG00000092200,ENST00000400017,24,21310583,21310607
ENSG00000100888,ENST00000555962,26,21403016,21403042
ENSG00000139880,ENST00000610348,28,23049026,23049054
ENSG00000092068,ENST00000621729,9,23137920,23137929
ENSG00000215277,ENST00000399910,29,23260658,23260687
ENSG00000215277,ENST00000430154,29,23260658,23260687
ENSG00000197616,ENST00000405093,28,23405099,23405127
ENSG00000197616,ENST00000356287,28,23405099,23405127
ENSG00000197616,ENST00000557461,28,23405099,23405127
ENSG00000092054,ENST00000355349,28,23432478,23432506
ENSG00000213983,ENST00000555118,26,23563583,23563609
ENSG00000213983,ENST00000557162,26,23563583,23563609
ENSG00000100897,ENST00000559017,11,24115381,24115392
ENSG00000100897,ENST00000557810,11,24115381,24115392
ENSG00000100897,ENST00000559796,11,24115381,24115392
ENSG00000100897,ENST00000559396,11,24115381,24115392
ENSG00000100897,ENST00000560457,11,24115381,24115392
ENSG00000100897,ENST00000561016,11,24115381,24115392
ENSG00000100897,ENST00000558638,11,24115381,24115392
ENSG00000092098,ENST00000491351,23,24147975,24147998
ENSG00000100938,ENST00000348719,6,24236045,24236051
ENSG00000100949,ENST00000560243,19,24266664,24266683
ENSG00000196943,ENST00000396802,29,24304569,24304598
ENSG00000100453,ENST00000382540,1,24632718,24632719
ENSG00000258081,ENST00000552303,24,27132247,27132271
ENSG00000258038,ENST00000550122,24,28834796,28834820
ENSG00000258038,ENST00000548775,24,28834796,28834820
ENSG00000184304,ENST00000616995,8,29751165,29751173
ENSG00000184304,ENST00000415220,24,29656475,29656499
ENSG00000184304,ENST00000468370,24,29656475,29656499
ENSG00000184304,ENST00000547441,24,29656475,29656499
ENSG00000100478,ENST00000557346,12,31080572,31080584
ENSG00000100478,ENST00000622409,12,31080572,31080584
ENSG00000100478,ENST00000542754,12,31080572,31080584
ENSG00000100478,ENST00000616371,12,31080572,31080584
ENSG00000092148,ENST00000611816,15,31141905,31141920
ENSG00000092148,ENST00000611816,24,31144061,31144085
ENSG00000129493,ENST00000549719,27,31340449,31340476
ENSG00000100852,ENST00000432921,9,32154703,32154712
ENSG00000129518,ENST00000618169,5,34524684,34524689
ENSG00000129518,ENST00000618169,24,34524694,34524718
ENSG00000129518,ENST00000618169,15,34524720,34524735
ENSG00000092020,ENST00000554361,29,35109818,35109847
ENSG00000100906,ENST00000553342,20,35404417,35404437
ENSG00000174373,ENST00000554573,3,35542026,35542029
ENSG00000174373,ENST00000554259,3,35542026,35542029
ENSG00000259070,ENST00000557019,20,38941353,38941373
ENSG00000150527,ENST00000553728,22,39279336,39279358
ENSG00000150527,ENST00000640607,22,39279336,39279358
ENSG00000150527,ENST00000554392,22,39279336,39279358
ENSG00000150527,ENST00000554392,27,39292679,39292706
ENSG00000150527,ENST00000555716,22,39279336,39279358
ENSG00000150527,ENST00000341749,22,39279336,39279358
ENSG00000150527,ENST00000396165,22,39279336,39279358
ENSG00000150527,ENST00000396158,22,39279336,39279358
ENSG00000150527,ENST00000280083,22,39279336,39279358
ENSG00000150527,ENST00000341502,22,39279336,39279358
ENSG00000150527,ENST00000556148,22,39276933,39276955
ENSG00000150527,ENST00000556148,22,39279336,39279358
ENSG00000150527,ENST00000348007,22,39279336,39279358
ENSG00000150527,ENST00000553352,22,39279336,39279358
ENSG00000165379,ENST00000555279,17,41731336,41731353
ENSG00000165379,ENST00000554171,17,41731336,41731353
ENSG00000258998,ENST00000556405,24,44766310,44766334
ENSG00000139915,ENST00000399232,21,46877488,46877509
ENSG00000139915,ENST00000357362,21,46877488,46877509
ENSG00000139915,ENST00000426342,21,46877488,46877509
ENSG00000139915,ENST00000555521,21,46877488,46877509
ENSG00000198513,ENST00000358385,15,50629994,50630009
ENSG00000198513,ENST00000556067,15,50629994,50630009
ENSG00000100505,ENST00000338969,24,50982941,50982965
ENSG00000087302,ENST00000556760,3,52004239,52004242
ENSG00000197930,ENST00000395686,27,52658123,52658150
ENSG00000197930,ENST00000395686,12,52661292,52661304
ENSG00000197930,ENST00000556769,27,52658123,52658150
ENSG00000197930,ENST00000556769,12,52661292,52661304
ENSG00000073712,ENST00000554152,21,52861013,52861034
ENSG00000073712,ENST00000343279,21,52861013,52861034
ENSG00000073712,ENST00000635305,21,52861013,52861034
ENSG00000073712,ENST00000635305,24,52861586,52861610
ENSG00000073712,ENST00000553373,21,52861013,52861034
ENSG00000073712,ENST00000399304,21,52861013,52861034
ENSG00000073712,ENST00000553768,21,52861013,52861034
ENSG00000073712,ENST00000557562,19,52948561,52948580
ENSG00000100523,ENST00000395606,21,53103030,53103051
ENSG00000100526,ENST00000611205,6,54412834,54412840
ENSG00000100526,ENST00000442975,19,54399893,54399912
ENSG00000100526,ENST00000620759,9,54401523,54401532
ENSG00000168175,ENST00000395468,22,55061679,55061701
ENSG00000168175,ENST00000622254,22,55061679,55061701
ENSG00000131981,ENST00000553493,22,55137369,55137391
ENSG00000131981,ENST00000254301,22,55137369,55137391
ENSG00000131981,ENST00000554715,22,55137369,55137391
ENSG00000165588,ENST00000555804,20,56806703,56806723
ENSG00000070367,ENST00000621441,29,57237337,57237366
ENSG00000070367,ENST00000413566,5,57211698,57211703
ENSG00000070367,ENST00000413566,21,57237337,57237358
ENSG00000070367,ENST00000413566,4,57237673,57237677
ENSG00000070367,ENST00000340918,29,57237337,57237366
ENSG00000070367,ENST00000555148,29,57237337,57237366
ENSG00000100575,ENST00000555097,22,58423827,58423849
ENSG00000258583,ENST00000648996,29,58948312,58948341
ENSG00000258583,ENST00000555378,29,58948312,58948341
ENSG00000258583,ENST00000556815,29,58948312,58948341
ENSG00000100592,ENST00000395125,30,59338384,59338414
ENSG00000054654,ENST00000357395,13,64190601,64190614
ENSG00000054654,ENST00000554584,13,64190601,64190614
ENSG00000126822,ENST00000634379,20,64737355,64737375
ENSG00000126822,ENST00000394691,20,64737355,64737375
ENSG00000126822,ENST00000247226,20,64737355,64737375
ENSG00000125952,ENST00000341653,27,65101545,65101572
ENSG00000125952,ENST00000618858,27,65101545,65101572
ENSG00000125952,ENST00000394606,27,65101545,65101572
ENSG00000125952,ENST00000284165,27,65101545,65101572
ENSG00000125952,ENST00000358664,27,65101545,65101572
ENSG00000125952,ENST00000555419,27,65101545,65101572
ENSG00000125952,ENST00000553928,27,65101545,65101572
ENSG00000125952,ENST00000557277,27,65101545,65101572
ENSG00000125952,ENST00000556979,27,65101545,65101572
ENSG00000125952,ENST00000246163,27,65101545,65101572
ENSG00000125952,ENST00000556702,27,65101545,65101572
ENSG00000258561,ENST00000556361,29,66249205,66249234
ENSG00000172717,ENST00000612183,29,67221778,67221807
ENSG00000172717,ENST00000311864,29,67221778,67221807
ENSG00000172717,ENST00000557671,29,67221778,67221807
ENSG00000172717,ENST00000534174,29,67221778,67221807
ENSG00000172717,ENST00000556117,29,67221778,67221807
ENSG00000100554,ENST00000554087,18,67304059,67304077
ENSG00000100678,ENST00000381269,18,70055795,70055813
ENSG00000100678,ENST00000357887,18,70055795,70055813
ENSG00000100678,ENST00000534137,18,70055795,70055813
ENSG00000100678,ENST00000528359,18,70055795,70055813
ENSG00000133997,ENST00000554963,28,70585755,70585783
ENSG00000133997,ENST00000615788,28,70585755,70585783
ENSG00000133997,ENST00000256379,28,70585755,70585783
ENSG00000133997,ENST00000430055,28,70585755,70585783
ENSG00000133997,ENST00000440435,28,70585755,70585783
ENSG00000133997,ENST00000555296,28,70585755,70585783
ENSG00000182732,ENST00000553690,24,72464693,72464717
ENSG00000182732,ENST00000554782,27,72464690,72464717
ENSG00000258653,ENST00000556551,27,73884100,73884127
ENSG00000119681,ENST00000261978,20,74527346,74527366
ENSG00000119681,ENST00000553939,20,74527346,74527366
ENSG00000119681,ENST00000556690,20,74527346,74527366
ENSG00000119616,ENST00000553615,23,74713484,74713507
ENSG00000119630,ENST00000555567,30,74946378,74946408
ENSG00000119630,ENST00000553716,30,74946378,74946408
ENSG00000119630,ENST00000238607,30,74946378,74946408
ENSG00000119630,ENST00000557748,30,74946378,74946408
ENSG00000119630,ENST00000405431,30,74946378,74946408
ENSG00000119684,ENST00000355774,24,75022994,75023018
ENSG00000119684,ENST00000380968,24,75022994,75023018
ENSG00000119684,ENST00000553713,24,75022994,75023018
ENSG00000119684,ENST00000556257,24,75022994,75023018
ENSG00000119684,ENST00000556740,24,75022994,75023018
ENSG00000119684,ENST00000556453,24,75022994,75023018
ENSG00000119684,ENST00000555144,24,75022994,75023018
ENSG00000151445,ENST00000343765,28,77441065,77441093
ENSG00000151445,ENST00000553888,28,77441065,77441093
ENSG00000151445,ENST00000327028,28,77441065,77441093
ENSG00000151445,ENST00000557658,28,77441065,77441093
ENSG00000151445,ENST00000448935,28,77441065,77441093
ENSG00000151445,ENST00000556412,28,77441065,77441093
ENSG00000151445,ENST00000553576,28,77441065,77441093
ENSG00000151445,ENST00000555854,28,77441065,77441093
ENSG00000197734,ENST00000355883,14,77768451,77768465
ENSG00000197734,ENST00000650032,14,77768451,77768465
ENSG00000021645,ENST00000634499,30,78297830,78297860
ENSG00000021645,ENST00000634499,12,78300679,78300691
ENSG00000021645,ENST00000554738,30,78297830,78297860
ENSG00000021645,ENST00000554738,12,78300679,78300691
ENSG00000021645,ENST00000635466,18,78278644,78278662
ENSG00000021645,ENST00000635466,30,78297830,78297860
ENSG00000021645,ENST00000635466,27,78810317,78810344
ENSG00000021645,ENST00000556088,18,78278644,78278662
ENSG00000021645,ENST00000556088,30,78297830,78297860
ENSG00000021645,ENST00000553363,30,78297830,78297860
ENSG00000021645,ENST00000553363,24,78649267,78649291
ENSG00000021645,ENST00000554719,27,78810317,78810344
ENSG00000021645,ENST00000335750,27,78810317,78810344
ENSG00000021645,ENST00000634266,27,78810317,78810344
ENSG00000021645,ENST00000634266,27,78972882,78972909
ENSG00000021645,ENST00000555073,12,79280852,79280864
ENSG00000100629,ENST00000554502,24,80559278,80559302
ENSG00000100629,ENST00000556061,24,80559278,80559302
ENSG00000100629,ENST00000281129,24,80559278,80559302
ENSG00000100629,ENST00000555265,24,80559278,80559302
ENSG00000042317,ENST00000557248,29,88396155,88396184
ENSG00000165521,ENST00000554922,21,88634468,88634489
ENSG00000165521,ENST00000554922,9,88646946,88646955
ENSG00000165521,ENST00000554922,15,88649911,88649926
ENSG00000165521,ENST00000553526,21,88634468,88634489
ENSG00000165521,ENST00000380664,21,88634468,88634489
ENSG00000165521,ENST00000553281,21,88634468,88634489
ENSG00000165521,ENST00000553962,21,88634468,88634489
ENSG00000165533,ENST00000345383,30,88833692,88833722
ENSG00000165533,ENST00000380656,30,88833692,88833722
ENSG00000119720,ENST00000554464,30,90301773,90301803
ENSG00000066427,ENST00000545170,27,92080540,92080567
ENSG00000066427,ENST00000620536,5,92073531,92073536
ENSG00000066427,ENST00000620536,22,92077580,92077602
ENSG00000140090,ENST00000393265,26,92445316,92445342
ENSG00000140090,ENST00000531433,26,92445316,92445342
ENSG00000140090,ENST00000532405,26,92445316,92445342
ENSG00000140090,ENST00000525557,26,92445316,92445342
ENSG00000140090,ENST00000554925,26,92445316,92445342
ENSG00000100605,ENST00000267615,25,93076594,93076619
ENSG00000100605,ENST00000354313,25,93076594,93076619
ENSG00000100605,ENST00000556603,25,93076594,93076619
ENSG00000100605,ENST00000554999,25,93076594,93076619
ENSG00000100605,ENST00000555553,25,93076594,93076619
ENSG00000100605,ENST00000553452,25,93076594,93076619
ENSG00000100605,ENST00000557309,25,93076594,93076619
ENSG00000133958,ENST00000256339,29,93532549,93532578
ENSG00000133958,ENST00000555664,29,93532549,93532578
ENSG00000133958,ENST00000553484,29,93532549,93532578
ENSG00000133958,ENST00000393151,29,93532549,93532578
ENSG00000133958,ENST00000621021,29,93532549,93532578
ENSG00000165949,ENST00000614204,30,94114850,94114880
ENSG00000165949,ENST00000616764,30,94114850,94114880
ENSG00000165949,ENST00000618863,30,94114850,94114880
ENSG00000165949,ENST00000611954,30,94114850,94114880
ENSG00000165949,ENST00000618200,30,94114850,94114880
ENSG00000165949,ENST00000621160,30,94114850,94114880
ENSG00000165949,ENST00000612813,30,94114850,94114880
ENSG00000165949,ENST00000620066,30,94114850,94114880
ENSG00000119632,ENST00000238609,30,94129261,94129291
ENSG00000119632,ENST00000556727,30,94129261,94129291
ENSG00000188488,ENST00000556775,24,94581614,94581638
ENSG00000066629,ENST00000554479,29,99891198,99891227
ENSG00000066629,ENST00000327921,29,99891198,99891227
ENSG00000066629,ENST00000649352,29,99891198,99891227
ENSG00000066629,ENST00000262233,29,99891198,99891227
ENSG00000066629,ENST00000334192,29,99891198,99891227
ENSG00000066629,ENST00000556714,29,99891198,99891227
ENSG00000140105,ENST00000554820,14,100374135,100374149
ENSG00000183092,ENST00000355173,29,100567910,100567939
ENSG00000183092,ENST00000637716,29,100567910,100567939
ENSG00000183092,ENST00000553553,29,100567910,100567939
ENSG00000183092,ENST00000556188,29,100567910,100567939
ENSG00000183092,ENST00000554140,29,100567910,100567939
ENSG00000183092,ENST00000554747,29,100567910,100567939
ENSG00000225746,ENST00000636391,13,101009557,101009570
ENSG00000140153,ENST00000299135,13,102193462,102193475
ENSG00000075413,ENST00000440884,27,103498501,103498528
ENSG00000075413,ENST00000429436,27,103498501,103498528
ENSG00000075413,ENST00000335102,27,103498501,103498528
ENSG00000075413,ENST00000554627,27,103498501,103498528
ENSG00000075413,ENST00000558787,27,103498501,103498528
ENSG00000156411,ENST00000286953,24,103913960,103913984
ENSG00000156411,ENST00000554880,24,103913960,103913984
ENSG00000156411,ENST00000555030,24,103913960,103913984
ENSG00000156411,ENST00000414262,24,103913960,103913984
ENSG00000156411,ENST00000557040,24,103913960,103913984
ENSG00000156411,ENST00000553449,24,103913960,103913984
ENSG00000184916,ENST00000331782,28,105147499,105147527
ENSG00000184916,ENST00000347004,28,105147499,105147527
ENSG00000183828,ENST00000550002,29,105176962,105176991
ENSG00000182979,ENST00000435036,12,105468337,105468349
ENSG00000182979,ENST00000434050,12,105468337,105468349
ENSG00000284500,ENST00000640541,23,22030342,22030365
ENSG00000259425,ENST00000559762,30,22773695,22773725
ENSG00000174450,ENST00000567107,30,23444470,23444500
ENSG00000174450,ENST00000312015,30,23444470,23444500
ENSG00000259905,ENST00000568045,27,24569782,24569809
ENSG00000259905,ENST00000568609,27,24569782,24569809
ENSG00000259905,ENST00000567647,27,24569782,24569809
ENSG00000114062,ENST00000628733,25,25411907,25411932
ENSG00000261649,ENST00000567390,30,28846219,28846249
ENSG00000261649,ENST00000569815,30,28846219,28846249
ENSG00000134160,ENST00000397795,21,31029370,31029391
ENSG00000134160,ENST00000397795,30,31046203,31046233
ENSG00000134160,ENST00000542188,21,31029370,31029391
ENSG00000134160,ENST00000542188,30,31046203,31046233
ENSG00000134160,ENST00000256552,21,31029370,31029391
ENSG00000134160,ENST00000256552,30,31046203,31046233
ENSG00000134160,ENST00000560801,21,31029370,31029391
ENSG00000134160,ENST00000560801,30,31046203,31046233
ENSG00000134160,ENST00000558768,21,31029370,31029391
ENSG00000134160,ENST00000558768,30,31046203,31046233
ENSG00000134160,ENST00000558445,21,31029370,31029391
ENSG00000134160,ENST00000558445,30,31046203,31046233
ENSG00000134160,ENST00000558212,21,31029370,31029391
ENSG00000134160,ENST00000557948,21,31029370,31029391
ENSG00000198838,ENST00000634891,15,33807554,33807569
ENSG00000198838,ENST00000634891,18,33826251,33826269
ENSG00000198838,ENST00000415757,18,33826251,33826269
ENSG00000198838,ENST00000389232,15,33807554,33807569
ENSG00000198838,ENST00000389232,18,33826251,33826269
ENSG00000198838,ENST00000622037,15,33807554,33807569
ENSG00000198838,ENST00000622037,5,33815412,33815417
ENSG00000198838,ENST00000622037,18,33826251,33826269
ENSG00000198838,ENST00000635790,18,33826251,33826269
ENSG00000171262,ENST00000559431,21,38473504,38473525
ENSG00000233041,ENST00000448599,8,40354344,40354352
ENSG00000140323,ENST00000267889,30,40364225,40364255
ENSG00000137812,ENST00000614337,28,40611483,40611511
ENSG00000051180,ENST00000557850,14,40718885,40718899
ENSG00000166145,ENST00000562057,27,40854059,40854086
ENSG00000166145,ENST00000344051,27,40854059,40854086
ENSG00000166145,ENST00000566928,27,40854059,40854086
ENSG00000166145,ENST00000569589,27,40854059,40854086
ENSG00000137802,ENST00000456763,18,41813329,41813347
ENSG00000174171,ENST00000564432,30,41897491,41897521
ENSG00000168907,ENST00000561627,23,42153619,42153642
ENSG00000258461,ENST00000549793,12,42402123,42402135
ENSG00000258461,ENST00000466369,12,42402123,42402135
ENSG00000092529,ENST00000318023,12,42402123,42402135
ENSG00000092529,ENST00000318023,18,42405925,42405943
ENSG00000092529,ENST00000357568,12,42402123,42402135
ENSG00000092529,ENST00000349748,12,42402123,42402135
ENSG00000092529,ENST00000397163,12,42402123,42402135
ENSG00000092529,ENST00000397163,18,42405925,42405943
ENSG00000092529,ENST00000638141,12,42402123,42402135
ENSG00000092529,ENST00000397200,18,42405925,42405943
ENSG00000092529,ENST00000567071,18,42405925,42405943
ENSG00000092529,ENST00000569136,18,42405925,42405943
ENSG00000092529,ENST00000397204,18,42405925,42405943
ENSG00000092529,ENST00000565559,18,42405925,42405943
ENSG00000092529,ENST00000565274,25,42410641,42410666
ENSG00000092529,ENST00000564503,25,42410641,42410666
ENSG00000128881,ENST00000622375,19,42798251,42798270
ENSG00000159459,ENST00000563239,27,43070898,43070925
ENSG00000140265,ENST00000396972,7,43369595,43369602
ENSG00000242866,ENST00000450892,25,43617457,43617482
ENSG00000242866,ENST00000541030,25,43617457,43617482
ENSG00000242866,ENST00000428650,25,43617457,43617482
ENSG00000242866,ENST00000440125,25,43617457,43617482
ENSG00000242866,ENST00000432436,25,43617457,43617482
ENSG00000284772,ENST00000643290,25,43617457,43617482
ENSG00000166763,ENST00000509801,25,43716919,43716944
ENSG00000166710,ENST00000558401,28,44716328,44716356
ENSG00000166710,ENST00000544417,28,44716328,44716356
ENSG00000166710,ENST00000561424,28,44716328,44716356
ENSG00000166710,ENST00000349264,28,44716328,44716356
ENSG00000166710,ENST00000648006,28,44716328,44716356
ENSG00000166710,ENST00000557901,28,44716328,44716356
ENSG00000166710,ENST00000559907,28,44716328,44716356
ENSG00000166710,ENST00000561139,28,44716328,44716356
ENSG00000185880,ENST00000559390,23,44759639,44759662
ENSG00000185880,ENST00000329464,23,44759639,44759662
ENSG00000185880,ENST00000560442,23,44759639,44759662
ENSG00000185880,ENST00000558329,23,44759639,44759662
ENSG00000185880,ENST00000561043,23,44759639,44759662
ENSG00000185880,ENST00000338264,23,44759639,44759662
ENSG00000185880,ENST00000558173,23,44759639,44759662
ENSG00000185880,ENST00000561170,23,44759639,44759662
ENSG00000104164,ENST00000562384,12,45597879,45597891
ENSG00000104164,ENST00000565216,19,45602356,45602375
ENSG00000104177,ENST00000324324,8,48166120,48166128
ENSG00000104177,ENST00000267836,8,48166120,48166128
ENSG00000104177,ENST00000561351,8,48166120,48166128
ENSG00000104177,ENST00000560157,8,48166120,48166128
ENSG00000104177,ENST00000561151,8,48166120,48166128
ENSG00000138593,ENST00000559471,25,49028143,49028168
ENSG00000138593,ENST00000261847,25,49028143,49028168
ENSG00000138593,ENST00000380927,25,49028143,49028168
ENSG00000138593,ENST00000559424,25,49028143,49028168
ENSG00000156958,ENST00000559040,21,49223128,49223149
ENSG00000104064,ENST00000359031,24,50346371,50346395
ENSG00000104064,ENST00000560825,24,50346371,50346395
ENSG00000170236,ENST00000616326,2,50543991,50543993
ENSG00000092439,ENST00000646667,26,50578638,50578664
ENSG00000092439,ENST00000313478,26,50578638,50578664
ENSG00000092439,ENST00000560955,26,50578638,50578664
ENSG00000092439,ENST00000561443,26,50578638,50578664
ENSG00000092439,ENST00000560849,26,50578638,50578664
ENSG00000259684,ENST00000558237,6,50558622,50558628
ENSG00000186417,ENST00000335449,18,51383435,51383453
ENSG00000186417,ENST00000560215,18,51383435,51383453
ENSG00000186417,ENST00000558286,18,51383435,51383453
ENSG00000186417,ENST00000560690,18,51383435,51383453
ENSG00000186417,ENST00000559317,18,51383435,51383453
ENSG00000186417,ENST00000464150,18,51383435,51383453
ENSG00000186417,ENST00000396399,18,51383435,51383453
ENSG00000186417,ENST00000558426,18,51383435,51383453
ENSG00000186417,ENST00000612989,18,51383435,51383453
ENSG00000197535,ENST00000399231,9,52348817,52348826
ENSG00000197535,ENST00000356338,9,52348817,52348826
ENSG00000197535,ENST00000613858,4,52329100,52329104
ENSG00000197535,ENST00000613858,9,52348817,52348826
ENSG00000197535,ENST00000358212,4,52329100,52329104
ENSG00000197535,ENST00000358212,9,52348817,52348826
ENSG00000197535,ENST00000553916,9,52348817,52348826
ENSG00000197535,ENST00000568914,9,52348817,52348826
ENSG00000260618,ENST00000566344,7,52586400,52586407
ENSG00000137766,ENST00000647821,23,54143017,54143040
ENSG00000137766,ENST00000260323,23,54143017,54143040
ENSG00000137766,ENST00000260323,6,54236429,54236435
ENSG00000137766,ENST00000559093,30,54512347,54512377
ENSG00000260392,ENST00000568246,15,56629385,56629400
ENSG00000137871,ENST00000559352,29,56729753,56729782
ENSG00000247982,ENST00000502027,26,57307042,57307068
ENSG00000128849,ENST00000557813,20,57402018,57402038
ENSG00000137776,ENST00000380516,28,58901259,58901287
ENSG00000137776,ENST00000492526,28,58901259,58901287
ENSG00000137776,ENST00000557924,28,58901259,58901287
ENSG00000137776,ENST00000558756,28,58901259,58901287
ENSG00000137776,ENST00000249736,28,58901259,58901287
ENSG00000137776,ENST00000559305,28,58901259,58901287
ENSG00000137776,ENST00000480144,28,58901259,58901287
ENSG00000137776,ENST00000628684,28,58901259,58901287
ENSG00000137776,ENST00000559880,28,58901259,58901287
ENSG00000137776,ENST00000558486,28,58901259,58901287
ENSG00000137776,ENST00000560682,28,58901259,58901287
ENSG00000137776,ENST00000557950,28,58901259,58901287
ENSG00000069667,ENST00000335670,30,60678656,60678686
ENSG00000069667,ENST00000551975,30,60678656,60678686
ENSG00000069667,ENST00000560004,30,60678656,60678686
ENSG00000069667,ENST00000557822,30,60678656,60678686
ENSG00000069667,ENST00000559145,30,60678656,60678686
ENSG00000285863,ENST00000650148,29,61890833,61890862
ENSG00000166104,ENST00000562306,24,62252829,62252853
ENSG00000171914,ENST00000636159,8,62618350,62618358
ENSG00000074410,ENST00000178638,21,63375657,63375678
ENSG00000074410,ENST00000344366,21,63375657,63375678
ENSG00000074410,ENST00000422263,21,63375657,63375678
ENSG00000035664,ENST00000559007,27,63929550,63929577
ENSG00000035664,ENST00000261891,27,63929550,63929577
ENSG00000035664,ENST00000457488,27,63929550,63929577
ENSG00000035664,ENST00000612884,27,63929550,63929577
ENSG00000035664,ENST00000558069,27,63929550,63929577
ENSG00000169118,ENST00000635142,24,64176261,64176285
ENSG00000169118,ENST00000634302,24,64176261,64176285
ENSG00000174485,ENST00000635620,27,65665198,65665225
ENSG00000103769,ENST00000565075,27,65879724,65879751
ENSG00000103769,ENST00000569896,9,65879670,65879679
ENSG00000174442,ENST00000535141,29,66532984,66533013
ENSG00000174442,ENST00000307897,29,66532984,66533013
ENSG00000174442,ENST00000613446,29,66532984,66533013
ENSG00000174442,ENST00000446801,29,66532984,66533013
ENSG00000174442,ENST00000565627,29,66532984,66533013
ENSG00000137764,ENST00000178640,30,67727915,67727945
ENSG00000137764,ENST00000178640,27,67748230,67748257
ENSG00000137764,ENST00000395476,27,67748230,67748257
ENSG00000137764,ENST00000354498,30,67727915,67727945
ENSG00000137764,ENST00000354498,27,67748230,67748257
ENSG00000137764,ENST00000558392,30,67727915,67727945
ENSG00000137764,ENST00000558392,27,67748230,67748257
ENSG00000137764,ENST00000559262,28,67670419,67670447
ENSG00000137764,ENST00000340972,30,67727915,67727945
ENSG00000137764,ENST00000340972,27,67748230,67748257
ENSG00000140332,ENST00000558939,17,70064453,70064470
ENSG00000140332,ENST00000317509,17,70064453,70064470
ENSG00000140332,ENST00000557919,17,70064453,70064470
ENSG00000140332,ENST00000560525,17,70064453,70064470
ENSG00000140332,ENST00000560589,17,70064453,70064470
ENSG00000140332,ENST00000559929,17,70064453,70064470
ENSG00000140332,ENST00000559048,17,70064453,70064470
ENSG00000140332,ENST00000560939,17,70064453,70064470
ENSG00000140332,ENST00000557997,17,70064453,70064470
ENSG00000140332,ENST00000561453,17,70064453,70064470
ENSG00000140332,ENST00000539550,17,70064453,70064470
ENSG00000140332,ENST00000558201,17,70064453,70064470
ENSG00000140332,ENST00000440567,17,70064453,70064470
ENSG00000140332,ENST00000557907,17,70064453,70064470
ENSG00000140332,ENST00000558379,17,70064453,70064470
ENSG00000140332,ENST00000451782,17,70064453,70064470
ENSG00000187720,ENST00000261862,4,71780541,71780545
ENSG00000259964,ENST00000561571,6,71172151,71172157
ENSG00000067225,ENST00000389093,17,72217483,72217500
ENSG00000156642,ENST00000345330,22,73563235,73563257
ENSG00000156642,ENST00000351217,22,73563235,73563257
ENSG00000156642,ENST00000565325,22,73563235,73563257
ENSG00000156642,ENST00000562924,10,73563235,73563245
ENSG00000156642,ENST00000563691,10,73563235,73563245
ENSG00000137868,ENST00000395105,24,74195651,74195675
ENSG00000137868,ENST00000423167,24,74195651,74195675
ENSG00000137868,ENST00000323940,24,74195651,74195675
ENSG00000137868,ENST00000449139,24,74195651,74195675
ENSG00000137868,ENST00000545137,24,74195651,74195675
ENSG00000137868,ENST00000574439,24,74195651,74195675
ENSG00000137868,ENST00000616000,24,74195651,74195675
ENSG00000137868,ENST00000535552,24,74195651,74195675
ENSG00000137868,ENST00000563965,24,74195651,74195675
ENSG00000137868,ENST00000574278,24,74195651,74195675
ENSG00000137868,ENST00000569936,24,74195651,74195675
ENSG00000137868,ENST00000573456,24,74195651,74195675
ENSG00000140474,ENST00000566479,22,74838151,74838173
ENSG00000140398,ENST00000355059,28,75354249,75354277
ENSG00000140398,ENST00000564784,28,75354249,75354277
ENSG00000140398,ENST00000569035,28,75354249,75354277
ENSG00000140398,ENST00000567393,28,75354249,75354277
ENSG00000260206,ENST00000564683,3,75637894,75637897
ENSG00000140395,ENST00000558311,28,78294945,78294973
ENSG00000140395,ENST00000267973,28,78294945,78294973
ENSG00000140395,ENST00000558459,28,78294945,78294973
ENSG00000140395,ENST00000560569,28,78294945,78294973
ENSG00000140395,ENST00000560610,28,78294945,78294973
ENSG00000140395,ENST00000559848,28,78294945,78294973
ENSG00000140395,ENST00000560063,28,78294945,78294973
ENSG00000140395,ENST00000559700,28,78294945,78294973
ENSG00000041357,ENST00000560217,26,78541904,78541930
ENSG00000041357,ENST00000044462,26,78541904,78541930
ENSG00000041357,ENST00000559082,26,78541904,78541930
ENSG00000041357,ENST00000560033,26,78541904,78541930
ENSG00000041357,ENST00000559948,26,78541904,78541930
ENSG00000041357,ENST00000413382,26,78541904,78541930
ENSG00000041357,ENST00000559146,26,78541904,78541930
ENSG00000041357,ENST00000558639,26,78541904,78541930
ENSG00000041357,ENST00000557929,26,78541904,78541930
ENSG00000041357,ENST00000558281,26,78541904,78541930
ENSG00000041357,ENST00000559365,26,78541904,78541930
ENSG00000041357,ENST00000558341,26,78541904,78541930
ENSG00000041357,ENST00000559437,26,78541904,78541930
ENSG00000041357,ENST00000560737,26,78541904,78541930
ENSG00000185787,ENST00000379535,26,78890988,78891014
ENSG00000185787,ENST00000426013,26,78890988,78891014
ENSG00000185787,ENST00000331268,26,78890988,78891014
ENSG00000185787,ENST00000559930,26,78890988,78891014
ENSG00000185787,ENST00000558746,26,78890988,78891014
ENSG00000185787,ENST00000558893,26,78890988,78891014
ENSG00000185787,ENST00000558830,26,78890988,78891014
ENSG00000185787,ENST00000559345,26,78890988,78891014
ENSG00000185787,ENST00000558502,26,78890988,78891014
ENSG00000185787,ENST00000559690,26,78890988,78891014
ENSG00000185787,ENST00000559158,26,78890988,78891014
ENSG00000185787,ENST00000560422,26,78890988,78891014
ENSG00000185787,ENST00000559244,26,78890988,78891014
ENSG00000185787,ENST00000559751,26,78890988,78891014
ENSG00000103811,ENST00000615999,24,78944890,78944914
ENSG00000172379,ENST00000622346,28,80593599,80593627
ENSG00000186628,ENST00000334574,23,82780244,82780267
ENSG00000186628,ENST00000541889,23,82780244,82780267
ENSG00000140538,ENST00000394480,24,88128710,88128734
ENSG00000140538,ENST00000629765,24,88128710,88128734
ENSG00000140538,ENST00000360948,24,88128710,88128734
ENSG00000140538,ENST00000626019,24,88128710,88128734
ENSG00000140538,ENST00000542733,24,88128710,88128734
ENSG00000140538,ENST00000317501,24,88128710,88128734
ENSG00000140538,ENST00000540489,24,88128710,88128734
ENSG00000185033,ENST00000560089,28,90214936,90214964
ENSG00000140564,ENST00000640725,26,90879866,90879892
ENSG00000166965,ENST00000394258,30,90961024,90961054
ENSG00000166965,ENST00000555155,30,90961024,90961054
ENSG00000166965,ENST00000557266,30,90961024,90961054
ENSG00000166965,ENST00000556618,30,90961024,90961054
ENSG00000166965,ENST00000556333,30,90961024,90961054
ENSG00000258754,ENST00000557481,3,93731348,93731351
ENSG00000168904,ENST00000561253,17,99285767,99285784
ENSG00000068305,ENST00000558812,24,99703361,99703385
ENSG00000068305,ENST00000557942,24,99703361,99703385
ENSG00000183060,ENST00000332728,26,99731172,99731198
ENSG00000183060,ENST00000344791,26,99731172,99731198
ENSG00000183060,ENST00000479791,26,99731172,99731198
ENSG00000183060,ENST00000450512,26,99731172,99731198
ENSG00000259658,ENST00000636288,22,101745889,101745911
ENSG00000007392,ENST00000426094,30,190540,190570
ENSG00000007392,ENST00000293872,30,190540,190570
ENSG00000007392,ENST00000337351,30,190540,190570
ENSG00000007392,ENST00000397783,30,190540,190570
ENSG00000007392,ENST00000629543,30,190540,190570
ENSG00000007392,ENST00000429378,30,190540,190570
ENSG00000007392,ENST00000490762,30,190540,190570
ENSG00000007392,ENST00000464711,30,190540,190570
ENSG00000007392,ENST00000397780,30,190540,190570
ENSG00000007392,ENST00000419516,30,190540,190570
ENSG00000007392,ENST00000495349,30,190540,190570
ENSG00000007392,ENST00000418978,30,190540,190570
ENSG00000076344,ENST00000397770,30,271539,271569
ENSG00000076344,ENST00000168869,30,271539,271569
ENSG00000076344,ENST00000316163,30,271539,271569
ENSG00000076344,ENST00000359740,30,271539,271569
ENSG00000076344,ENST00000481672,30,271539,271569
ENSG00000103202,ENST00000382940,24,397878,397902
ENSG00000242612,ENST00000424398,16,406345,406361
ENSG00000140983,ENST00000569197,18,673479,673497
ENSG00000103266,ENST00000564316,18,682058,682076
ENSG00000103227,ENST00000262301,11,934243,934254
ENSG00000103227,ENST00000545827,11,934243,934254
ENSG00000103227,ENST00000566627,11,934243,934254
ENSG00000103227,ENST00000570014,11,934243,934254
ENSG00000103227,ENST00000562226,11,934243,934254
ENSG00000103227,ENST00000567595,11,934243,934254
ENSG00000184471,ENST00000621771,18,1094615,1094633
ENSG00000184471,ENST00000621771,24,1094637,1094661
ENSG00000196557,ENST00000348261,18,1212510,1212528
ENSG00000196557,ENST00000638323,18,1212510,1212528
ENSG00000196557,ENST00000640028,18,1212510,1212528
ENSG00000196557,ENST00000639478,18,1212510,1212528
ENSG00000196557,ENST00000564231,18,1212510,1212528
ENSG00000116176,ENST00000234798,27,1224601,1224628
ENSG00000007516,ENST00000568887,24,1339579,1339603
ENSG00000007516,ENST00000561793,22,1346933,1346955
ENSG00000261732,ENST00000454337,13,1647042,1647055
ENSG00000138834,ENST00000250894,12,1758147,1758159
ENSG00000138834,ENST00000250894,18,1758977,1758995
ENSG00000138834,ENST00000356010,12,1758147,1758159
ENSG00000138834,ENST00000610761,12,1758147,1758159
ENSG00000138834,ENST00000610761,18,1758977,1758995
ENSG00000138834,ENST00000567849,12,1758147,1758159
ENSG00000183751,ENST00000615855,22,1977355,1977377
ENSG00000183751,ENST00000615855,3,1977378,1977381
ENSG00000008710,ENST00000565639,19,2113040,2113059
ENSG00000162065,ENST00000646147,18,2497709,2497727
ENSG00000162065,ENST00000293970,18,2497709,2497727
ENSG00000162065,ENST00000562105,18,2497709,2497727
ENSG00000172382,ENST00000302641,27,2716499,2716526
ENSG00000172382,ENST00000565903,27,2716499,2716526
ENSG00000172382,ENST00000562249,27,2716499,2716526
ENSG00000007038,ENST00000450020,27,2817429,2817456
ENSG00000007038,ENST00000005995,27,2817429,2817456
ENSG00000007038,ENST00000570629,27,2817429,2817456
ENSG00000007038,ENST00000570594,27,2817429,2817456
ENSG00000007038,ENST00000574813,27,2817429,2817456
ENSG00000172460,ENST00000475030,27,2841572,2841599
ENSG00000005001,ENST00000161006,27,2856821,2856848
ENSG00000005001,ENST00000571228,27,2856821,2856848
ENSG00000005001,ENST00000576381,27,2856821,2856848
ENSG00000005001,ENST00000574768,27,2856821,2856848
ENSG00000005001,ENST00000577177,27,2856821,2856848
ENSG00000059122,ENST00000575679,26,2948687,2948713
ENSG00000270168,ENST00000573315,30,2989522,2989552
ENSG00000270168,ENST00000573315,30,2992804,2992834
ENSG00000270168,ENST00000573315,30,2994697,2994727
ENSG00000270168,ENST00000573315,30,2997388,2997418
ENSG00000270168,ENST00000573315,30,2998493,2998523
ENSG00000270168,ENST00000573315,30,3000436,3000466
ENSG00000262152,ENST00000573465,30,2989522,2989552
ENSG00000262152,ENST00000573465,30,2992804,2992834
ENSG00000008517,ENST00000325568,27,3067983,3068010
ENSG00000008517,ENST00000534507,27,3067983,3068010
ENSG00000008517,ENST00000613483,27,3067983,3068010
ENSG00000008517,ENST00000531965,27,3067983,3068010
ENSG00000008517,ENST00000396887,27,3067983,3068010
ENSG00000008517,ENST00000529699,27,3067983,3068010
ENSG00000008517,ENST00000526464,27,3067983,3068010
ENSG00000008517,ENST00000440815,27,3067983,3068010
ENSG00000008517,ENST00000529550,27,3067983,3068010
ENSG00000008517,ENST00000551122,27,3067983,3068010
ENSG00000008517,ENST00000525643,27,3067983,3068010
ENSG00000008517,ENST00000548807,27,3067983,3068010
ENSG00000008517,ENST00000528163,27,3067983,3068010
ENSG00000008517,ENST00000530890,27,3067983,3068010
ENSG00000008517,ENST00000444393,27,3067983,3068010
ENSG00000008517,ENST00000533097,27,3067983,3068010
ENSG00000008517,ENST00000008180,27,3067983,3068010
ENSG00000008517,ENST00000396890,27,3067983,3068010
ENSG00000008517,ENST00000525377,27,3067983,3068010
ENSG00000008517,ENST00000530538,27,3067983,3068010
ENSG00000008517,ENST00000549213,27,3067983,3068010
ENSG00000008517,ENST00000552936,27,3067983,3068010
ENSG00000008517,ENST00000548476,27,3067983,3068010
ENSG00000008517,ENST00000552664,27,3067983,3068010
ENSG00000008517,ENST00000552356,27,3067983,3068010
ENSG00000008517,ENST00000548246,27,3067983,3068010
ENSG00000103313,ENST00000219596,23,3246524,3246547
ENSG00000103313,ENST00000339854,23,3246524,3246547
ENSG00000103313,ENST00000537682,23,3246524,3246547
ENSG00000103313,ENST00000542898,23,3246524,3246547
ENSG00000103313,ENST00000536980,23,3246524,3246547
ENSG00000103313,ENST00000538326,23,3246524,3246547
ENSG00000103313,ENST00000541159,23,3246524,3246547
ENSG00000103313,ENST00000539145,23,3246524,3246547
ENSG00000103313,ENST00000536379,23,3246524,3246547
ENSG00000103313,ENST00000570511,23,3246524,3246547
ENSG00000103313,ENST00000572244,23,3246524,3246547
ENSG00000103313,ENST00000576315,23,3246524,3246547
ENSG00000103313,ENST00000574583,23,3246524,3246547
ENSG00000213918,ENST00000570664,27,3657789,3657816
ENSG00000126602,ENST00000574941,26,3689111,3689137
ENSG00000262246,ENST00000537233,17,4408180,4408197
ENSG00000262246,ENST00000576437,17,4408180,4408197
ENSG00000262246,ENST00000570645,17,4408180,4408197
ENSG00000067836,ENST00000592019,21,4799760,4799781
ENSG00000183044,ENST00000268251,30,8748107,8748137
ENSG00000183044,ENST00000564714,30,8748107,8748137
ENSG00000183044,ENST00000396600,30,8748107,8748137
ENSG00000183044,ENST00000566590,30,8748107,8748137
ENSG00000183044,ENST00000565016,12,8738442,8738454
ENSG00000183044,ENST00000565016,30,8748107,8748137
ENSG00000183044,ENST00000567812,30,8748107,8748137
ENSG00000183044,ENST00000425191,30,8748107,8748137
ENSG00000183044,ENST00000569156,30,8748107,8748137
ENSG00000183044,ENST00000562115,30,8748107,8748137
ENSG00000183044,ENST00000565671,30,8748107,8748137
ENSG00000038532,ENST00000409790,6,10972553,10972559
ENSG00000171490,ENST00000573618,23,11841906,11841929
ENSG00000179889,ENST00000562119,13,15001775,15001788
ENSG00000179889,ENST00000325823,15,15022703,15022718
ENSG00000157045,ENST00000566419,22,15048077,15048099
ENSG00000156968,ENST00000287594,30,15407823,15407853
ENSG00000156968,ENST00000396385,30,15407823,15407853
ENSG00000156968,ENST00000564148,30,15407823,15407853
ENSG00000133392,ENST00000396324,21,15784697,15784718
ENSG00000133392,ENST00000396324,28,15798659,15798687
ENSG00000133392,ENST00000452625,21,15784697,15784718
ENSG00000133392,ENST00000452625,28,15798659,15798687
ENSG00000133392,ENST00000576790,28,15798659,15798687
ENSG00000133392,ENST00000300036,28,15798659,15798687
ENSG00000133392,ENST00000571505,28,15798659,15798687
ENSG00000103222,ENST00000399408,30,16098872,16098902
ENSG00000103222,ENST00000572882,30,16098872,16098902
ENSG00000103222,ENST00000576557,30,16098872,16098902
ENSG00000183889,ENST00000537112,24,16322527,16322551
ENSG00000170540,ENST00000562234,28,18797924,18797952
ENSG00000261427,ENST00000564808,18,19172759,19172777
ENSG00000261427,ENST00000568526,18,19172759,19172777
ENSG00000103528,ENST00000570264,18,19172759,19172777
ENSG00000103528,ENST00000355377,18,19172759,19172777
ENSG00000103528,ENST00000562711,18,19172759,19172777
ENSG00000103544,ENST00000544670,25,19575097,19575122
ENSG00000103544,ENST00000539322,25,19575097,19575122
ENSG00000103544,ENST00000438132,25,19575097,19575122
ENSG00000103544,ENST00000251143,25,19575097,19575122
ENSG00000103544,ENST00000542263,25,19575097,19575122
ENSG00000103544,ENST00000417362,25,19575097,19575122
ENSG00000103544,ENST00000513947,25,19575097,19575122
ENSG00000167191,ENST00000562469,24,19880969,19880993
ENSG00000169347,ENST00000381362,9,20323380,20323389
ENSG00000169347,ENST00000381360,9,20323380,20323389
ENSG00000197006,ENST00000615720,16,21599882,21599898
ENSG00000155719,ENST00000646100,29,21678914,21678943
ENSG00000155719,ENST00000646100,28,21679183,21679211
ENSG00000155719,ENST00000647277,29,21678914,21678943
ENSG00000155719,ENST00000647277,28,21679183,21679211
ENSG00000155719,ENST00000286149,29,21678914,21678943
ENSG00000155719,ENST00000286149,28,21679183,21679211
ENSG00000155719,ENST00000388958,29,21678914,21678943
ENSG00000155719,ENST00000388958,28,21679183,21679211
ENSG00000058600,ENST00000418581,21,22308204,22308225
ENSG00000168447,ENST00000307331,25,23323553,23323578
ENSG00000103365,ENST00000309859,29,23478882,23478911
ENSG00000103365,ENST00000569182,29,23478882,23478911
ENSG00000090905,ENST00000315183,22,24758338,24758360
ENSG00000090905,ENST00000395799,22,24758338,24758360
ENSG00000077238,ENST00000565352,28,27360765,27360793
ENSG00000169180,ENST00000564337,25,28154587,28154612
ENSG00000188603,ENST00000637686,24,28493785,28493809
ENSG00000176476,ENST00000564023,7,28590630,28590637
ENSG00000196296,ENST00000357084,18,28879098,28879116
ENSG00000196296,ENST00000395503,18,28879098,28879116
ENSG00000177548,ENST00000358201,12,28905866,28905878
ENSG00000177548,ENST00000544477,12,28905866,28905878
ENSG00000213658,ENST00000395461,28,28985712,28985740
ENSG00000213658,ENST00000395461,30,28986539,28986569
ENSG00000213658,ENST00000566270,28,28985712,28985740
ENSG00000213658,ENST00000564277,28,28985712,28985740
ENSG00000213658,ENST00000564277,30,28986539,28986569
ENSG00000213658,ENST00000562472,28,28985712,28985740
ENSG00000213658,ENST00000563964,28,28985712,28985740
ENSG00000213658,ENST00000563964,30,28986539,28986569
ENSG00000213658,ENST00000354453,28,28985712,28985740
ENSG00000213658,ENST00000354453,18,28986381,28986399
ENSG00000213658,ENST00000354453,17,28986429,28986446
ENSG00000213658,ENST00000630764,28,28985712,28985740
ENSG00000213658,ENST00000395456,28,28985712,28985740
ENSG00000213658,ENST00000395456,30,28986539,28986569
ENSG00000213658,ENST00000454369,28,28985712,28985740
ENSG00000213658,ENST00000454369,30,28986539,28986569
ENSG00000213658,ENST00000360872,28,28985712,28985740
ENSG00000213658,ENST00000566177,28,28985712,28985740
ENSG00000213658,ENST00000562701,28,28985712,28985740
ENSG00000213658,ENST00000568899,30,28986539,28986569
ENSG00000213658,ENST00000568440,30,28986539,28986569
ENSG00000213658,ENST00000570232,30,28986539,28986569
ENSG00000103495,ENST00000616501,12,29807774,29807786
ENSG00000169592,ENST00000567987,21,30003649,30003670
ENSG00000149922,ENST00000627355,25,30088649,30088674
ENSG00000005844,ENST00000433423,28,30499206,30499234
ENSG00000156860,ENST00000356166,30,30661303,30661333
ENSG00000156860,ENST00000356166,30,30666511,30666541
ENSG00000156860,ENST00000287468,30,30666511,30666541
ENSG00000151006,ENST00000280606,21,31087805,31087826
ENSG00000255439,ENST00000533518,21,31087805,31087826
ENSG00000255439,ENST00000529564,21,31087805,31087826
ENSG00000103507,ENST00000484226,21,31110103,31110124
ENSG00000052344,ENST00000317508,18,31135153,31135171
ENSG00000052344,ENST00000568261,18,31135153,31135171
ENSG00000052344,ENST00000567531,18,31135153,31135171
ENSG00000052344,ENST00000564025,18,31135153,31135171
ENSG00000089280,ENST00000254108,25,31182397,31182422
ENSG00000089280,ENST00000566605,25,31182397,31182422
ENSG00000089280,ENST00000487045,25,31182397,31182422
ENSG00000089280,ENST00000380244,25,31182397,31182422
ENSG00000089280,ENST00000487509,25,31182397,31182422
ENSG00000089280,ENST00000568685,25,31182397,31182422
ENSG00000177238,ENST00000322122,23,31220895,31220918
ENSG00000177238,ENST00000613872,23,31220895,31220918
ENSG00000169877,ENST00000569954,27,31528187,31528214
ENSG00000230267,ENST00000566902,19,32156985,32157004
ENSG00000259966,ENST00000566952,25,32610410,32610435
ENSG00000282924,ENST00000634254,29,33723526,33723555
ENSG00000282924,ENST00000634254,29,33725412,33725441
ENSG00000282924,ENST00000634254,29,33741947,33741976
ENSG00000282924,ENST00000634254,29,33743821,33743850
ENSG00000282924,ENST00000634254,29,33745702,33745731
ENSG00000171208,ENST00000303155,24,47122888,47122912
ENSG00000171208,ENST00000562559,24,47122888,47122912
ENSG00000262950,ENST00000576671,30,49444773,49444803
ENSG00000083799,ENST00000311559,9,50775165,50775174
ENSG00000083799,ENST00000427738,9,50775165,50775174
ENSG00000140718,ENST00000268349,17,53984937,53984954
ENSG00000245694,ENST00000501177,30,54920297,54920327
ENSG00000176842,ENST00000620085,12,54932497,54932509
ENSG00000102900,ENST00000563858,14,56821579,56821593
ENSG00000140853,ENST00000540182,15,57062158,57062173
ENSG00000140853,ENST00000537056,15,57062158,57062173
ENSG00000172775,ENST00000566403,8,57172364,57172372
ENSG00000205336,ENST00000568700,24,57641586,57641610
ENSG00000140859,ENST00000465878,29,57759124,57759153
ENSG00000140859,ENST00000445690,29,57759124,57759153
ENSG00000140859,ENST00000421376,29,57759124,57759153
ENSG00000140859,ENST00000541240,29,57759124,57759153
ENSG00000140859,ENST00000540079,29,57759124,57759153
ENSG00000140859,ENST00000543930,29,57759124,57759153
ENSG00000140859,ENST00000562903,29,57759124,57759153
ENSG00000103005,ENST00000565662,22,58014272,58014294
ENSG00000103005,ENST00000562534,21,58002478,58002499
ENSG00000103005,ENST00000562534,30,58002615,58002645
ENSG00000103021,ENST00000616795,15,58259853,58259868
ENSG00000103042,ENST00000564010,17,58679856,58679873
ENSG00000166595,ENST00000568572,29,66932271,66932300
ENSG00000172828,ENST00000566453,19,66963065,66963084
ENSG00000102878,ENST00000517750,21,67167201,67167222
ENSG00000102890,ENST00000571587,30,67199552,67199582
ENSG00000102890,ENST00000571587,27,67201408,67201435
ENSG00000135723,ENST00000568595,24,67236410,67236434
ENSG00000039523,ENST00000379312,24,67539727,67539751
ENSG00000039523,ENST00000566522,24,67539727,67539751
ENSG00000039523,ENST00000042381,24,67539727,67539751
ENSG00000039523,ENST00000540839,24,67539727,67539751
ENSG00000039523,ENST00000422602,24,67539727,67539751
ENSG00000039523,ENST00000565176,24,67539727,67539751
ENSG00000039523,ENST00000428437,24,67539727,67539751
ENSG00000039523,ENST00000569253,24,67539727,67539751
ENSG00000039523,ENST00000566559,24,67539727,67539751
ENSG00000039523,ENST00000566815,24,67539727,67539751
ENSG00000039523,ENST00000561534,24,67539727,67539751
ENSG00000141084,ENST00000317506,23,67738012,67738035
ENSG00000141084,ENST00000448631,23,67738012,67738035
ENSG00000141084,ENST00000602506,23,67738012,67738035
ENSG00000141084,ENST00000602677,23,67738012,67738035
ENSG00000141084,ENST00000602525,23,67738012,67738035
ENSG00000141084,ENST00000602638,23,67738012,67738035
ENSG00000141084,ENST00000602815,23,67738012,67738035
ENSG00000141084,ENST00000602887,23,67738012,67738035
ENSG00000132600,ENST00000565761,26,68324806,68324832
ENSG00000039068,ENST00000612417,23,68826531,68826554
ENSG00000213380,ENST00000562595,23,69335325,69335348
ENSG00000132604,ENST00000566257,9,69368586,69368595
ENSG00000103018,ENST00000512062,30,69448114,69448144
ENSG00000103018,ENST00000512062,29,69459092,69459121
ENSG00000103018,ENST00000307892,30,69448114,69448144
ENSG00000103018,ENST00000307892,29,69459092,69459121
ENSG00000103018,ENST00000561792,30,69448114,69448144
ENSG00000103018,ENST00000561792,29,69459092,69459121
ENSG00000103018,ENST00000568237,29,69459092,69459121
ENSG00000103018,ENST00000568342,30,69448114,69448144
ENSG00000157322,ENST00000449317,27,69962739,69962766
ENSG00000157335,ENST00000536907,27,70185647,70185674
ENSG00000189091,ENST00000567635,29,70550649,70550678
ENSG00000132613,ENST00000338779,9,70679314,70679323
ENSG00000132613,ENST00000616026,15,70679626,70679641
ENSG00000260734,ENST00000561754,23,71432869,71432892
ENSG00000166747,ENST00000393512,9,71767876,71767885
ENSG00000140839,ENST00000339953,27,74409851,74409878
ENSG00000140839,ENST00000620745,18,74412153,74412171
ENSG00000090863,ENST00000567951,16,74496628,74496644
ENSG00000166446,ENST00000562812,3,80662744,80662747
ENSG00000166446,ENST00000563890,3,80679733,80679736
ENSG00000166446,ENST00000566173,3,80670943,80670946
ENSG00000153815,ENST00000537098,27,81693157,81693184
ENSG00000153815,ENST00000539778,27,81693157,81693184
ENSG00000153815,ENST00000621537,27,81693157,81693184
ENSG00000153815,ENST00000566513,27,81693157,81693184
ENSG00000153815,ENST00000398040,27,81693157,81693184
ENSG00000153815,ENST00000565680,27,81693157,81693184
ENSG00000103154,ENST00000305202,25,83972150,83972175
ENSG00000103154,ENST00000305202,26,83980838,83980864
ENSG00000103154,ENST00000566836,26,83980838,83980864
ENSG00000154099,ENST00000567666,26,84162189,84162215
ENSG00000103194,ENST00000569038,29,84733052,84733081
ENSG00000135709,ENST00000258180,30,85082563,85082593
ENSG00000135709,ENST00000566428,30,85082563,85082593
ENSG00000153789,ENST00000539556,6,85107666,85107672
ENSG00000153789,ENST00000618669,6,85107666,85107672
ENSG00000158717,ENST00000567408,15,88699070,88699085
ENSG00000103335,ENST00000518793,23,88716096,88716119
ENSG00000167526,ENST00000452368,21,89561577,89561598
ENSG00000167526,ENST00000452368,12,89561739,89561751
ENSG00000178773,ENST00000529800,27,89587555,89587582
ENSG00000131165,ENST00000397901,20,89653903,89653923
ENSG00000131165,ENST00000550102,20,89653903,89653923
ENSG00000131165,ENST00000549328,20,89653903,89653923
ENSG00000131165,ENST00000551981,20,89653903,89653923
ENSG00000131165,ENST00000550872,20,89653903,89653923
ENSG00000204991,ENST00000378247,28,89868188,89868216
ENSG00000204991,ENST00000569108,28,89868188,89868216
ENSG00000204991,ENST00000562029,28,89868188,89868216
ENSG00000141002,ENST00000561958,30,89887651,89887681
ENSG00000141002,ENST00000568412,30,89887651,89887681
ENSG00000141013,ENST00000568664,14,90031175,90031189
ENSG00000141252,ENST00000389040,30,553432,553462
ENSG00000132376,ENST00000477910,17,1515568,1515585
ENSG00000174238,ENST00000313486,8,1543019,1543027
ENSG00000174238,ENST00000539476,8,1541641,1541649
ENSG00000174238,ENST00000574991,8,1543019,1543027
ENSG00000174238,ENST00000576722,8,1543019,1543027
ENSG00000174238,ENST00000575895,8,1543019,1543027
ENSG00000174238,ENST00000576010,8,1543019,1543027
ENSG00000174238,ENST00000573231,8,1543019,1543027
ENSG00000167703,ENST00000571650,12,1586948,1586960
ENSG00000004660,ENST00000381769,22,3881626,3881648
ENSG00000004660,ENST00000348335,22,3881626,3881648
ENSG00000004660,ENST00000158166,22,3881626,3881648
ENSG00000074370,ENST00000309890,18,3953692,3953710
ENSG00000074370,ENST00000397041,18,3953692,3953710
ENSG00000074370,ENST00000397035,18,3953692,3953710
ENSG00000074370,ENST00000359983,18,3953692,3953710
ENSG00000074370,ENST00000352011,18,3953692,3953710
ENSG00000074370,ENST00000397043,18,3953692,3953710
ENSG00000074370,ENST00000574202,18,3953692,3953710
ENSG00000141456,ENST00000570571,7,4676500,4676507
ENSG00000141480,ENST00000575877,7,4719282,4719289
ENSG00000141503,ENST00000572330,24,4893285,4893309
ENSG00000141503,ENST00000347992,24,4893285,4893309
ENSG00000141503,ENST00000571207,24,4893285,4893309
ENSG00000108509,ENST00000414043,21,4969499,4969520
ENSG00000108509,ENST00000361571,21,4969499,4969520
ENSG00000108509,ENST00000572543,21,4969499,4969520
ENSG00000108509,ENST00000348066,21,4969499,4969520
ENSG00000167840,ENST00000572468,22,5108785,5108807
ENSG00000141485,ENST00000572352,18,6707027,6707045
ENSG00000132535,ENST00000648172,28,7193843,7193871
ENSG00000132535,ENST00000302955,28,7193843,7193871
ENSG00000132535,ENST00000399506,28,7193843,7193871
ENSG00000132535,ENST00000649520,28,7193843,7193871
ENSG00000132535,ENST00000491753,28,7193843,7193871
ENSG00000132535,ENST00000399510,28,7193843,7193871
ENSG00000132535,ENST00000648707,28,7193843,7193871
ENSG00000132535,ENST00000649971,28,7193843,7193871
ENSG00000132535,ENST00000649186,28,7193843,7193871
ENSG00000132535,ENST00000648896,28,7193843,7193871
ENSG00000132535,ENST00000648103,28,7193843,7193871
ENSG00000132535,ENST00000650120,28,7193843,7193871
ENSG00000132535,ENST00000648263,28,7193843,7193871
ENSG00000182896,ENST00000389982,21,7356028,7356049
ENSG00000182896,ENST00000576060,21,7356028,7356049
ENSG00000182896,ENST00000330767,21,7356028,7356049
ENSG00000187838,ENST00000619711,14,7393350,7393364
ENSG00000161960,ENST00000577269,18,7578226,7578244
ENSG00000161960,ENST00000583389,18,7578226,7578244
ENSG00000129244,ENST00000577113,27,7654791,7654818
ENSG00000129244,ENST00000577113,21,7655235,7655256
ENSG00000141510,ENST00000413465,22,7676381,7676403
ENSG00000141510,ENST00000635293,22,7676381,7676403
ENSG00000141510,ENST00000359597,22,7676381,7676403
ENSG00000141510,ENST00000269305,22,7676381,7676403
ENSG00000141510,ENST00000620739,22,7676381,7676403
ENSG00000141510,ENST00000617185,22,7676381,7676403
ENSG00000141510,ENST00000455263,22,7676381,7676403
ENSG00000141510,ENST00000420246,22,7676381,7676403
ENSG00000141510,ENST00000622645,22,7676381,7676403
ENSG00000141510,ENST00000610538,22,7676381,7676403
ENSG00000141510,ENST00000445888,22,7676381,7676403
ENSG00000141510,ENST00000619485,22,7676381,7676403
ENSG00000141510,ENST00000615910,7,7676024,7676031
ENSG00000141510,ENST00000615910,22,7676381,7676403
ENSG00000141510,ENST00000514944,22,7676381,7676403
ENSG00000141510,ENST00000508793,22,7676381,7676403
ENSG00000141510,ENST00000604348,22,7676381,7676403
ENSG00000141510,ENST00000503591,22,7676381,7676403
ENSG00000178971,ENST00000578441,22,8230446,8230468
ENSG00000133026,ENST00000360416,30,8576642,8576672
ENSG00000133026,ENST00000360416,28,8589080,8589108
ENSG00000133026,ENST00000379980,27,8576642,8576669
ENSG00000133026,ENST00000379980,28,8589080,8589108
ENSG00000133026,ENST00000269243,28,8589080,8589108
ENSG00000133026,ENST00000472728,28,8589080,8589108
ENSG00000133026,ENST00000411957,28,8589080,8589108
ENSG00000006788,ENST00000418404,28,10360160,10360188
ENSG00000006788,ENST00000252172,28,10360160,10360188
ENSG00000006788,ENST00000621918,28,10360160,10360188
ENSG00000133020,ENST00000403437,28,10415680,10415708
ENSG00000264424,ENST00000255381,28,10464680,10464708
ENSG00000109061,ENST00000226207,28,10514867,10514895
ENSG00000125414,ENST00000532183,28,10544099,10544127
ENSG00000125414,ENST00000245503,28,10544099,10544127
ENSG00000125414,ENST00000397183,28,10544099,10544127
ENSG00000125414,ENST00000622564,28,10544099,10544127
ENSG00000125414,ENST00000578017,28,10544099,10544127
ENSG00000125414,ENST00000420805,28,10544099,10544127
ENSG00000109063,ENST00000583535,28,10650373,10650401
ENSG00000109063,ENST00000579489,28,10650373,10650401
ENSG00000187824,ENST00000341871,30,10729030,10729060
ENSG00000006740,ENST00000379672,18,12973301,12973319
ENSG00000006740,ENST00000262444,18,12973301,12973319
ENSG00000006740,ENST00000616670,13,12955866,12955879
ENSG00000006740,ENST00000583608,18,12973301,12973319
ENSG00000006744,ENST00000395962,28,13017070,13017098
ENSG00000006744,ENST00000584650,21,13003478,13003499
ENSG00000187607,ENST00000579694,25,15706476,15706501
ENSG00000214941,ENST00000476496,22,15993756,15993778
ENSG00000214941,ENST00000490395,22,15993756,15993778
ENSG00000214941,ENST00000399277,22,15993756,15993778
ENSG00000214941,ENST00000399280,22,15993756,15993778
ENSG00000214941,ENST00000497719,22,15993756,15993778
ENSG00000214941,ENST00000486655,22,15993756,15993778
ENSG00000214941,ENST00000474716,22,15993756,15993778
ENSG00000214941,ENST00000472495,22,15993756,15993778
ENSG00000214941,ENST00000460315,22,15993756,15993778
ENSG00000214941,ENST00000491631,22,15993756,15993778
ENSG00000214941,ENST00000495825,22,15993756,15993778
ENSG00000214941,ENST00000585208,22,15993756,15993778
ENSG00000214941,ENST00000486706,22,15993756,15993778
ENSG00000214941,ENST00000460252,22,15993756,15993778
ENSG00000141027,ENST00000582357,27,16151589,16151616
ENSG00000141027,ENST00000436828,27,16151589,16151616
ENSG00000170160,ENST00000456009,22,16731799,16731821
ENSG00000131885,ENST00000399211,23,16841840,16841863
ENSG00000108557,ENST00000640861,17,17793629,17793646
ENSG00000108557,ENST00000640861,9,17794240,17794249
ENSG00000108557,ENST00000640861,2,17798408,17798410
ENSG00000091536,ENST00000205890,6,18130804,18130810
ENSG00000091536,ENST00000647165,6,18130804,18130810
ENSG00000131899,ENST00000621229,16,18238044,18238060
ENSG00000177302,ENST00000585031,12,18308412,18308424
ENSG00000176974,ENST00000618902,30,18348449,18348479
ENSG00000166484,ENST00000581260,13,19379592,19379605
ENSG00000166484,ENST00000603493,18,19380483,19380501
ENSG00000072210,ENST00000581518,4,19675495,19675499
ENSG00000072210,ENST00000582991,4,19675495,19675499
ENSG00000072210,ENST00000575384,4,19675495,19675499
ENSG00000124422,ENST00000455117,21,21021205,21021226
ENSG00000266356,ENST00000577519,23,27412081,27412104
ENSG00000141068,ENST00000644974,5,27585656,27585661
ENSG00000141068,ENST00000398988,5,27585656,27585661
ENSG00000141068,ENST00000268763,5,27585656,27585661
ENSG00000141068,ENST00000509603,5,27585656,27585661
ENSG00000141068,ENST00000644418,5,27585656,27585661
ENSG00000141068,ENST00000398982,5,27585656,27585661
ENSG00000141068,ENST00000577823,5,27585656,27585661
ENSG00000007171,ENST00000621962,29,27780877,27780906
ENSG00000004142,ENST00000540200,27,28350765,28350792
ENSG00000004142,ENST00000618887,27,28350765,28350792
ENSG00000258472,ENST00000481916,28,28611767,28611795
ENSG00000258472,ENST00000584196,28,28611767,28611795
ENSG00000109103,ENST00000444148,28,28552064,28552092
ENSG00000167524,ENST00000494272,28,28611767,28611795
ENSG00000167524,ENST00000301037,28,28611767,28611795
ENSG00000167524,ENST00000581199,28,28611767,28611795
ENSG00000109113,ENST00000422279,20,28715194,28715214
ENSG00000109113,ENST00000583538,9,28715799,28715808
ENSG00000198242,ENST00000394935,17,28720413,28720430
ENSG00000076604,ENST00000618771,16,28747212,28747228
ENSG00000063015,ENST00000335960,27,28956718,28956745
ENSG00000063015,ENST00000335960,11,28956746,28956757
ENSG00000196535,ENST00000527372,12,29116443,29116455
ENSG00000196535,ENST00000533112,12,29116443,29116455
ENSG00000196535,ENST00000531253,12,29116443,29116455
ENSG00000196535,ENST00000628822,10,29118030,29118040
ENSG00000196535,ENST00000530254,12,29116443,29116455
ENSG00000108262,ENST00000394869,27,29578961,29578988
ENSG00000108262,ENST00000581348,18,29575811,29575829
ENSG00000108262,ENST00000581348,27,29578961,29578988
ENSG00000108262,ENST00000581925,27,29578961,29578988
ENSG00000108578,ENST00000577623,17,30291491,30291508
ENSG00000108582,ENST00000584221,3,30447561,30447564
ENSG00000108587,ENST00000225724,30,30510879,30510909
ENSG00000108587,ENST00000451249,30,30510879,30510909
ENSG00000108587,ENST00000427274,30,30510879,30510909
ENSG00000108587,ENST00000467337,30,30510879,30510909
ENSG00000108587,ENST00000414833,30,30510879,30510909
ENSG00000141314,ENST00000578006,24,32267901,32267925
ENSG00000141314,ENST00000431505,24,32267901,32267925
ENSG00000141314,ENST00000269051,24,32267901,32267925
ENSG00000092871,ENST00000315249,24,35014739,35014763
ENSG00000092871,ENST00000394597,24,35014739,35014763
ENSG00000092871,ENST00000447669,24,35014739,35014763
ENSG00000092871,ENST00000415395,24,35014739,35014763
ENSG00000092871,ENST00000581039,24,35014739,35014763
ENSG00000092871,ENST00000584541,24,35014739,35014763
ENSG00000267074,ENST00000592908,4,35510035,35510039
ENSG00000270765,ENST00000604063,30,35750076,35750106
ENSG00000270765,ENST00000618498,30,35750076,35750106
ENSG00000270379,ENST00000603870,13,35864877,35864890
ENSG00000270379,ENST00000605080,13,35864877,35864890
ENSG00000270379,ENST00000603218,13,35864877,35864890
ENSG00000277089,ENST00000610845,16,36073655,36073671
ENSG00000278540,ENST00000616317,24,37210466,37210490
ENSG00000278540,ENST00000612895,24,37210466,37210490
ENSG00000278540,ENST00000614428,24,37210466,37210490
ENSG00000278540,ENST00000617649,24,37210466,37210490
ENSG00000278540,ENST00000614450,24,37210466,37210490
ENSG00000276234,ENST00000615328,19,37411268,37411287
ENSG00000275410,ENST00000620125,29,37733592,37733621
ENSG00000275832,ENST00000633445,28,38460904,38460932
ENSG00000275832,ENST00000622683,28,38460904,38460932
ENSG00000275832,ENST00000620417,28,38460904,38460932
ENSG00000275832,ENST00000620417,23,38498931,38498954
ENSG00000275832,ENST00000618942,28,38460904,38460932
ENSG00000277363,ENST00000617146,21,38568210,38568231
ENSG00000277363,ENST00000621492,24,38568210,38568234
ENSG00000277363,ENST00000621763,24,38568210,38568234
ENSG00000161381,ENST00000579279,27,39079501,39079528
ENSG00000067191,ENST00000394303,20,39185130,39185150
ENSG00000067191,ENST00000539338,20,39185130,39185150
ENSG00000067191,ENST00000394310,20,39185130,39185150
ENSG00000265460,ENST00000579400,27,39240209,39240236
ENSG00000125686,ENST00000394287,29,39439164,39439193
ENSG00000125686,ENST00000300651,29,39439164,39439193
ENSG00000125686,ENST00000577831,29,39439164,39439193
ENSG00000131771,ENST00000580825,23,39629539,39629562
ENSG00000131771,ENST00000254079,23,39629539,39629562
ENSG00000131771,ENST00000582680,23,39629539,39629562
ENSG00000131771,ENST00000394265,23,39629539,39629562
ENSG00000131771,ENST00000394267,23,39629539,39629562
ENSG00000131771,ENST00000580772,23,39629539,39629562
ENSG00000073605,ENST00000360317,27,39906960,39906987
ENSG00000073605,ENST00000309481,27,39906960,39906987
ENSG00000073605,ENST00000394179,27,39906960,39906987
ENSG00000073605,ENST00000418519,27,39906960,39906987
ENSG00000073605,ENST00000523371,27,39906960,39906987
ENSG00000073605,ENST00000522564,27,39906960,39906987
ENSG00000167914,ENST00000635792,27,39972586,39972613
ENSG00000167914,ENST00000635792,21,39973809,39973830
ENSG00000167914,ENST00000301659,27,39972586,39972613
ENSG00000167914,ENST00000301659,21,39973809,39973830
ENSG00000108344,ENST00000415039,26,39984458,39984484
ENSG00000008838,ENST00000614384,21,40035774,40035795
ENSG00000108349,ENST00000418132,28,40141206,40141234
ENSG00000108349,ENST00000264645,28,40141206,40141234
ENSG00000108349,ENST00000581849,28,40141206,40141234
ENSG00000108352,ENST00000543876,26,40181668,40181694
ENSG00000131746,ENST00000394072,27,40478306,40478333
ENSG00000131746,ENST00000254051,27,40478306,40478333
ENSG00000233014,ENST00000428328,21,41325408,41325429
ENSG00000171401,ENST00000246635,26,41501718,41501744
ENSG00000171346,ENST00000254043,26,41514648,41514674
ENSG00000171346,ENST00000393974,26,41514648,41514674
ENSG00000171346,ENST00000393976,26,41514648,41514674
ENSG00000128422,ENST00000648886,23,41620535,41620558
ENSG00000128422,ENST00000311208,23,41620535,41620558
ENSG00000128422,ENST00000540235,23,41620535,41620558
ENSG00000128422,ENST00000540235,1,41624190,41624191
ENSG00000128422,ENST00000493253,23,41620535,41620558
ENSG00000128422,ENST00000649249,23,41620535,41620558
ENSG00000214514,ENST00000398469,28,41638686,41638714
ENSG00000131473,ENST00000352035,30,41896619,41896649
ENSG00000131473,ENST00000590151,30,41896619,41896649
ENSG00000168610,ENST00000264657,30,42329746,42329776
ENSG00000168610,ENST00000585517,30,42329746,42329776
ENSG00000168610,ENST00000389272,30,42329746,42329776
ENSG00000168610,ENST00000588969,30,42329746,42329776
ENSG00000168610,ENST00000404395,30,42329746,42329776
ENSG00000033627,ENST00000585525,18,42508571,42508589
ENSG00000033627,ENST00000343619,18,42508571,42508589
ENSG00000033627,ENST00000544137,17,42460847,42460864
ENSG00000033627,ENST00000544137,21,42487346,42487367
ENSG00000033627,ENST00000544137,18,42508571,42508589
ENSG00000033627,ENST00000586201,18,42508571,42508589
ENSG00000033627,ENST00000588138,18,42508571,42508589
ENSG00000131470,ENST00000586337,19,42574315,42574334
ENSG00000131470,ENST00000590760,15,42574195,42574210
ENSG00000131482,ENST00000592383,29,42907599,42907628
ENSG00000188554,ENST00000341165,19,43179393,43179412
ENSG00000188554,ENST00000341165,23,43180794,43180817
ENSG00000188554,ENST00000542611,19,43179393,43179412
ENSG00000188554,ENST00000542611,23,43180794,43180817
ENSG00000188554,ENST00000590996,19,43179393,43179412
ENSG00000188554,ENST00000590996,23,43180794,43180817
ENSG00000188554,ENST00000589872,19,43179393,43179412
ENSG00000188554,ENST00000589872,23,43180794,43180817
ENSG00000184988,ENST00000541594,25,43213020,43213045
ENSG00000161647,ENST00000398393,21,43816676,43816697
ENSG00000161647,ENST00000398389,21,43816676,43816697
ENSG00000108852,ENST00000625880,1,43883385,43883386
ENSG00000141349,ENST00000591696,20,44074750,44074770
ENSG00000087152,ENST00000591295,29,44195799,44195828
ENSG00000087152,ENST00000454077,29,44195799,44195828
ENSG00000087152,ENST00000454077,23,44196395,44196418
ENSG00000087152,ENST00000389384,29,44195799,44195828
ENSG00000087152,ENST00000389384,23,44196395,44196418
ENSG00000087152,ENST00000593073,24,44195418,44195442
ENSG00000087152,ENST00000587097,29,44195799,44195828
ENSG00000087152,ENST00000587097,23,44196395,44196418
ENSG00000087152,ENST00000587022,29,44195799,44195828
ENSG00000004939,ENST00000399246,15,44255206,44255221
ENSG00000186566,ENST00000587228,18,44467096,44467114
ENSG00000073670,ENST00000200557,18,44779221,44779239
ENSG00000073670,ENST00000355638,18,44779221,44779239
ENSG00000073670,ENST00000535346,18,44779221,44779239
ENSG00000073670,ENST00000587773,18,44779221,44779239
ENSG00000184922,ENST00000592006,18,45234831,45234849
ENSG00000198336,ENST00000572316,28,47213798,47213826
ENSG00000198336,ENST00000354968,28,47213798,47213826
ENSG00000198336,ENST00000576874,28,47213798,47213826
ENSG00000198336,ENST00000536623,28,47213798,47213826
ENSG00000198336,ENST00000573747,28,47213798,47213826
ENSG00000198336,ENST00000393450,28,47213798,47213826
ENSG00000141279,ENST00000534691,23,47582826,47582849
ENSG00000006025,ENST00000613735,15,47815337,47815352
ENSG00000266601,ENST00000584276,25,47932971,47932996
ENSG00000108439,ENST00000584061,15,47945597,47945612
ENSG00000108465,ENST00000580287,23,47981436,47981459
ENSG00000108465,ENST00000583697,23,47981436,47981459
ENSG00000141293,ENST00000336915,26,48363788,48363814
ENSG00000141293,ENST00000584709,26,48363788,48363814
ENSG00000141293,ENST00000584924,26,48363788,48363814
ENSG00000235300,ENST00000621191,18,48294346,48294364
ENSG00000136436,ENST00000258947,29,48862275,48862304
ENSG00000136436,ENST00000509507,29,48862275,48862304
ENSG00000136436,ENST00000448105,29,48862275,48862304
ENSG00000136436,ENST00000509415,19,48848063,48848082
ENSG00000136436,ENST00000416445,29,48862275,48862304
ENSG00000136436,ENST00000508679,29,48862275,48862304
ENSG00000136436,ENST00000505071,27,48848800,48848827
ENSG00000136436,ENST00000507306,29,48862275,48862304
ENSG00000136436,ENST00000509784,29,48862275,48862304
ENSG00000159210,ENST00000507302,11,48937280,48937291
ENSG00000167085,ENST00000511832,24,49409134,49409158
ENSG00000136504,ENST00000509124,9,49811565,49811574
ENSG00000108823,ENST00000513942,27,50170639,50170666
ENSG00000108823,ENST00000513821,27,50170639,50170666
ENSG00000108823,ENST00000344627,27,50170639,50170666
ENSG00000108823,ENST00000262018,27,50170639,50170666
ENSG00000108823,ENST00000511303,27,50170639,50170666
ENSG00000108823,ENST00000512526,27,50170639,50170666
ENSG00000108823,ENST00000504073,13,50169091,50169104
ENSG00000108823,ENST00000504073,27,50170639,50170666
ENSG00000167105,ENST00000300433,26,50277714,50277740
ENSG00000167105,ENST00000507382,26,50277714,50277740
ENSG00000167105,ENST00000511882,26,50277714,50277740
ENSG00000108826,ENST00000503633,30,50368837,50368867
ENSG00000167107,ENST00000502667,30,50461656,50461686
ENSG00000167107,ENST00000513101,26,50463225,50463251
ENSG00000006283,ENST00000511765,30,50618096,50618126
ENSG00000006283,ENST00000506406,30,50618096,50618126
ENSG00000006283,ENST00000504076,30,50618096,50618126
ENSG00000006283,ENST00000503436,30,50618096,50618126
ENSG00000006283,ENST00000511768,30,50618096,50618126
ENSG00000006283,ENST00000503607,30,50618096,50618126
ENSG00000008294,ENST00000505279,12,50999475,50999487
ENSG00000008294,ENST00000511795,15,51007836,51007851
ENSG00000008294,ENST00000511795,12,51009130,51009142
ENSG00000141198,ENST00000572298,8,54906778,54906786
ENSG00000141198,ENST00000572360,8,54906778,54906786
ENSG00000121060,ENST00000648772,27,56895925,56895952
ENSG00000121060,ENST00000316881,27,56895925,56895952
ENSG00000121060,ENST00000537230,27,56895925,56895952
ENSG00000121060,ENST00000572021,27,56895925,56895952
ENSG00000136450,ENST00000585096,18,58006509,58006527
ENSG00000005379,ENST00000268893,21,58320108,58320129
ENSG00000005379,ENST00000343736,21,58320108,58320129
ENSG00000153982,ENST00000581140,21,59272784,59272805
ENSG00000141367,ENST00000472651,21,59687000,59687021
ENSG00000068097,ENST00000585976,18,60050842,60050860
ENSG00000068097,ENST00000613428,20,60050842,60050862
ENSG00000062725,ENST00000588668,29,60496412,60496441
ENSG00000011028,ENST00000303375,27,62692111,62692138
ENSG00000011028,ENST00000583597,27,62692111,62692138
ENSG00000011028,ENST00000446119,27,62692111,62692138
ENSG00000170921,ENST00000389520,30,63412679,63412709
ENSG00000159640,ENST00000579726,13,63486358,63486371
ENSG00000266173,ENST00000336174,29,63723297,63723326
ENSG00000266173,ENST00000640679,29,63723297,63723326
ENSG00000266173,ENST00000638888,29,63723297,63723326
ENSG00000266173,ENST00000640827,29,63723297,63723326
ENSG00000266173,ENST00000640397,29,63723297,63723326
ENSG00000266173,ENST00000638698,29,63723297,63723326
ENSG00000266173,ENST00000638193,29,63723297,63723326
ENSG00000266173,ENST00000578801,29,63723297,63723326
ENSG00000266173,ENST00000640174,29,63723297,63723326
ENSG00000266173,ENST00000640183,29,63723297,63723326
ENSG00000266173,ENST00000638309,29,63723297,63723326
ENSG00000266173,ENST00000579549,29,63723297,63723326
ENSG00000266173,ENST00000639816,29,63723297,63723326
ENSG00000136490,ENST00000578993,20,63698798,63698818
ENSG00000125695,ENST00000580553,29,63723297,63723326
ENSG00000108588,ENST00000612558,27,63756239,63756266
ENSG00000136478,ENST00000615733,12,64188405,64188417
ENSG00000136478,ENST00000615733,3,64188418,64188421
ENSG00000261371,ENST00000563924,23,64329699,64329722
ENSG00000261371,ENST00000563924,28,64353490,64353518
ENSG00000261371,ENST00000563924,27,64390488,64390515
ENSG00000261371,ENST00000564866,27,64390488,64390515
ENSG00000261371,ENST00000569967,27,64390488,64390515
ENSG00000108654,ENST00000450599,14,64503802,64503816
ENSG00000258890,ENST00000580188,25,64508695,64508720
ENSG00000258890,ENST00000553412,23,64531889,64531912
ENSG00000108370,ENST00000635833,30,65189285,65189315
ENSG00000108370,ENST00000443584,30,65189285,65189315
ENSG00000108370,ENST00000584234,30,65189285,65189315
ENSG00000108370,ENST00000449996,30,65189285,65189315
ENSG00000108370,ENST00000262406,30,65189285,65189315
ENSG00000108370,ENST00000581175,30,65189285,65189315
ENSG00000154217,ENST00000580974,8,67553609,67553617
ENSG00000154217,ENST00000581322,8,67553609,67553617
ENSG00000154217,ENST00000584471,8,67553609,67553617
ENSG00000154217,ENST00000584554,8,67553609,67553617
ENSG00000133193,ENST00000583024,18,73227164,73227182
ENSG00000186074,ENST00000343125,23,74696194,74696217
ENSG00000186074,ENST00000326165,23,74696194,74696217
ENSG00000186074,ENST00000469092,23,74696194,74696217
ENSG00000186074,ENST00000301573,23,74696194,74696217
ENSG00000186074,ENST00000583937,23,74696194,74696217
ENSG00000186074,ENST00000464910,23,74696194,74696217
ENSG00000109065,ENST00000583476,18,74771959,74771977
ENSG00000189159,ENST00000476258,19,75146665,75146684
ENSG00000189159,ENST00000409753,19,75146665,75146684
ENSG00000189159,ENST00000482348,19,75146665,75146684
ENSG00000189159,ENST00000304834,19,75146665,75146684
ENSG00000189159,ENST00000470924,19,75146665,75146684
ENSG00000189159,ENST00000481647,19,75146665,75146684
ENSG00000189159,ENST00000580380,19,75146665,75146684
ENSG00000189159,ENST00000581874,19,75146665,75146684
ENSG00000073350,ENST00000167462,29,75573951,75573980
ENSG00000073350,ENST00000392550,29,75573951,75573980
ENSG00000073350,ENST00000577200,29,75573951,75573980
ENSG00000073350,ENST00000545227,29,75573951,75573980
ENSG00000073350,ENST00000578638,29,75573951,75573980
ENSG00000073350,ENST00000577500,29,75573951,75573980
ENSG00000073350,ENST00000583514,29,75573951,75573980
ENSG00000073350,ENST00000582393,29,75573951,75573980
ENSG00000132470,ENST00000579662,24,75740981,75741005
ENSG00000132470,ENST00000200181,24,75740981,75741005
ENSG00000132470,ENST00000450894,24,75740981,75741005
ENSG00000132470,ENST00000449880,24,75740981,75741005
ENSG00000132470,ENST00000584558,24,75740981,75741005
ENSG00000092929,ENST00000587105,22,75836571,75836593
ENSG00000188878,ENST00000586717,28,75937565,75937593
ENSG00000188878,ENST00000585990,28,75937565,75937593
ENSG00000188878,ENST00000636174,28,75937565,75937593
ENSG00000129646,ENST00000447564,26,76276679,76276705
ENSG00000092931,ENST00000588670,30,76742018,76742048
ENSG00000167889,ENST00000569840,6,76933291,76933297
ENSG00000078687,ENST00000636222,22,78005057,78005079
ENSG00000078687,ENST00000588847,22,78005057,78005079
ENSG00000078687,ENST00000588061,22,78005057,78005079
ENSG00000167900,ENST00000586613,24,78183753,78183777
ENSG00000267123,ENST00000650625,16,78628317,78628333
ENSG00000108669,ENST00000585509,3,78696006,78696009
ENSG00000108669,ENST00000589297,3,78696006,78696009
ENSG00000108669,ENST00000446868,3,78696006,78696009
ENSG00000108669,ENST00000590775,29,78680189,78680218
ENSG00000157637,ENST00000540966,24,81250069,81250093
ENSG00000185298,ENST00000574107,27,81670001,81670028
ENSG00000183048,ENST00000545862,10,81717481,81717491
ENSG00000141522,ENST00000583868,20,81869055,81869075
ENSG00000169738,ENST00000584318,23,82036858,82036881
ENSG00000176155,ENST00000389641,3,82145850,82145853
ENSG00000141574,ENST00000580437,28,82322877,82322905
ENSG00000178927,ENST00000577888,17,82445863,82445880
ENSG00000141562,ENST00000412079,23,82481812,82481835
ENSG00000141562,ENST00000584965,27,82483715,82483742
ENSG00000141568,ENST00000571160,20,82585251,82585271
ENSG00000141556,ENST00000355528,30,82889667,82889697
ENSG00000141556,ENST00000355528,23,82909284,82909307
ENSG00000141556,ENST00000539345,30,82889667,82889697
ENSG00000141556,ENST00000539345,23,82909284,82909307
ENSG00000141556,ENST00000576160,30,82889667,82889697
ENSG00000141556,ENST00000576160,23,82909284,82909307
ENSG00000141556,ENST00000571712,30,82889667,82889697
ENSG00000141556,ENST00000571712,23,82909284,82909307
ENSG00000141556,ENST00000576996,30,82889667,82889697
ENSG00000141556,ENST00000576996,23,82909284,82909307
ENSG00000141556,ENST00000574801,23,82909284,82909307
ENSG00000141556,ENST00000571316,30,82889667,82889697
ENSG00000141556,ENST00000571316,23,82909284,82909307
ENSG00000141556,ENST00000576760,30,82889667,82889697
ENSG00000141556,ENST00000576760,23,82909284,82909307
ENSG00000141556,ENST00000572984,30,82889667,82889697
ENSG00000141556,ENST00000572984,23,82909284,82909307
ENSG00000141556,ENST00000574975,23,82909284,82909307
ENSG00000141556,ENST00000572953,23,82909284,82909307
ENSG00000141556,ENST00000571796,23,82909284,82909307
ENSG00000141556,ENST00000574422,23,82909284,82909307
ENSG00000141556,ENST00000571618,23,82909284,82909307
ENSG00000132199,ENST00000647584,27,693881,693908
ENSG00000132199,ENST00000383578,27,693881,693908
ENSG00000132199,ENST00000251101,27,693881,693908
ENSG00000132199,ENST00000340116,27,693881,693908
ENSG00000132199,ENST00000581475,27,693881,693908
ENSG00000132199,ENST00000580982,27,693881,693908
ENSG00000132199,ENST00000585128,27,693881,693908
ENSG00000132199,ENST00000584453,27,693881,693908
ENSG00000132199,ENST00000578651,27,693881,693908
ENSG00000132199,ENST00000585004,27,693881,693908
ENSG00000132199,ENST00000579053,27,693881,693908
ENSG00000132199,ENST00000583771,27,693881,693908
ENSG00000132199,ENST00000580605,27,693881,693908
ENSG00000263551,ENST00000583497,20,1162833,1162853
ENSG00000101605,ENST00000356443,23,3075453,3075476
ENSG00000101605,ENST00000400569,23,3075453,3075476
ENSG00000101605,ENST00000400569,7,3134649,3134656
ENSG00000101605,ENST00000400569,28,3149144,3149172
ENSG00000101605,ENST00000400569,28,3149173,3149201
ENSG00000101605,ENST00000261606,23,3075453,3075476
ENSG00000170579,ENST00000400149,30,3656083,3656113
ENSG00000170579,ENST00000400150,30,3656083,3656113
ENSG00000170579,ENST00000515196,30,3656083,3656113
ENSG00000170579,ENST00000539435,30,3656083,3656113
ENSG00000266268,ENST00000585028,29,5003974,5004003
ENSG00000266268,ENST00000584204,29,5003974,5004003
ENSG00000198081,ENST00000357006,30,5293971,5294001
ENSG00000198081,ENST00000614697,30,5293971,5294001
ENSG00000198081,ENST00000615385,30,5293971,5294001
ENSG00000198081,ENST00000582388,30,5293971,5294001
ENSG00000198081,ENST00000582135,30,5293971,5294001
ENSG00000198081,ENST00000578327,30,5293971,5294001
ENSG00000154655,ENST00000400105,27,6046727,6046754
ENSG00000265944,ENST00000584361,29,6589446,6589475
ENSG00000101680,ENST00000638611,28,6956737,6956765
ENSG00000173482,ENST00000580170,27,8248149,8248176
ENSG00000173482,ENST00000580170,12,8252487,8252499
ENSG00000173482,ENST00000400060,27,8248149,8248176
ENSG00000173482,ENST00000400060,12,8252487,8252499
ENSG00000173482,ENST00000577468,27,8248149,8248176
ENSG00000173482,ENST00000578093,27,8248149,8248176
ENSG00000168454,ENST00000611534,1,9887457,9887458
ENSG00000134265,ENST00000580224,18,10533535,10533553
ENSG00000134265,ENST00000322897,18,10533535,10533553
ENSG00000134265,ENST00000582978,18,10533535,10533553
ENSG00000134265,ENST00000582472,18,10533535,10533553
ENSG00000154864,ENST00000383408,2,10763276,10763278
ENSG00000134278,ENST00000409402,28,12452484,12452512
ENSG00000134278,ENST00000410092,28,12452484,12452512
ENSG00000134278,ENST00000309836,28,12452484,12452512
ENSG00000134278,ENST00000453447,28,12452484,12452512
ENSG00000134278,ENST00000464481,28,12452484,12452512
ENSG00000134278,ENST00000592156,28,12452484,12452512
ENSG00000134278,ENST00000588236,28,12452484,12452512
ENSG00000175322,ENST00000591393,16,14084331,14084347
ENSG00000186481,ENST00000431648,29,14208049,14208078
ENSG00000186481,ENST00000580195,29,14208049,14208078
ENSG00000180777,ENST00000579292,29,14797660,14797689
ENSG00000180777,ENST00000579292,29,14808550,14808579
ENSG00000180777,ENST00000358984,29,14784335,14784364
ENSG00000180777,ENST00000358984,29,14796220,14796249
ENSG00000180777,ENST00000358984,29,14797660,14797689
ENSG00000180777,ENST00000358984,29,14799100,14799129
ENSG00000180777,ENST00000358984,29,14808550,14808579
ENSG00000180777,ENST00000358984,29,14842896,14842925
ENSG00000180777,ENST00000580206,29,14784335,14784364
ENSG00000180777,ENST00000580206,29,14797660,14797689
ENSG00000180777,ENST00000580206,29,14799100,14799129
ENSG00000180777,ENST00000580206,29,14808550,14808579
ENSG00000180777,ENST00000580206,29,14809985,14810014
ENSG00000180777,ENST00000320584,29,14842896,14842925
ENSG00000134490,ENST00000581444,26,23377645,23377671
ENSG00000134490,ENST00000383233,26,23377645,23377671
ENSG00000134490,ENST00000477053,26,23377645,23377671
ENSG00000134490,ENST00000473688,26,23377645,23377671
ENSG00000134490,ENST00000460322,26,23377645,23377671
ENSG00000134490,ENST00000542162,26,23377645,23377671
ENSG00000134490,ENST00000578520,26,23377645,23377671
ENSG00000134490,ENST00000482411,26,23377645,23377671
ENSG00000134490,ENST00000497608,26,23377645,23377671
ENSG00000134490,ENST00000577531,26,23377645,23377671
ENSG00000134490,ENST00000582336,26,23377645,23377671
ENSG00000134490,ENST00000580025,26,23377645,23377671
ENSG00000141452,ENST00000590870,29,23524129,23524158
ENSG00000141447,ENST00000578091,6,24368366,24368372
ENSG00000141447,ENST00000582645,6,24368366,24368372
ENSG00000154611,ENST00000343848,13,26144558,26144571
ENSG00000227279,ENST00000423367,29,27959514,27959543
ENSG00000118271,ENST00000610404,6,31597139,31597145
ENSG00000118271,ENST00000610404,24,31597255,31597279
ENSG00000118271,ENST00000610404,20,31598072,31598092
ENSG00000141434,ENST00000581184,19,32191821,32191840
ENSG00000141434,ENST00000269202,19,32191821,32191840
ENSG00000141434,ENST00000581447,19,32191821,32191840
ENSG00000141434,ENST00000579919,19,32191821,32191840
ENSG00000166960,ENST00000403303,23,33356323,33356346
ENSG00000166960,ENST00000383096,23,33356323,33356346
ENSG00000166960,ENST00000300227,23,33356323,33356346
ENSG00000166960,ENST00000583930,23,33356323,33356346
ENSG00000166960,ENST00000406524,23,33356323,33356346
ENSG00000166960,ENST00000579947,23,33356323,33356346
ENSG00000166960,ENST00000399177,23,33356323,33356346
ENSG00000141431,ENST00000592288,3,33641820,33641823
ENSG00000141431,ENST00000592541,3,33641820,33641823
ENSG00000141431,ENST00000590189,3,33641820,33641823
ENSG00000141431,ENST00000593195,3,33641820,33641823
ENSG00000141431,ENST00000642541,3,33641820,33641823
ENSG00000141431,ENST00000586327,3,33641820,33641823
ENSG00000134769,ENST00000283365,9,34825266,34825275
ENSG00000134769,ENST00000315456,9,34825266,34825275
ENSG00000134769,ENST00000399121,21,34866110,34866131
ENSG00000134769,ENST00000598774,9,34825266,34825275
ENSG00000134769,ENST00000598142,9,34825266,34825275
ENSG00000134769,ENST00000444659,9,34825266,34825275
ENSG00000134769,ENST00000399113,9,34825266,34825275
ENSG00000186814,ENST00000639929,27,35254961,35254988
ENSG00000186814,ENST00000639929,24,35255777,35255801
ENSG00000141428,ENST00000592875,23,35972884,35972907
ENSG00000141428,ENST00000618334,23,35972884,35972907
ENSG00000134775,ENST00000590592,24,36759117,36759141
ENSG00000134779,ENST00000593035,24,36805373,36805397
ENSG00000154832,ENST00000412036,27,50285324,50285351
ENSG00000154832,ENST00000285106,27,50285324,50285351
ENSG00000154832,ENST00000589940,27,50285324,50285351
ENSG00000154832,ENST00000590901,27,50285324,50285351
ENSG00000154832,ENST00000591474,27,50285324,50285351
ENSG00000154832,ENST00000586837,27,50285324,50285351
ENSG00000267699,ENST00000590722,30,51049294,51049324
ENSG00000141646,ENST00000398417,30,51049294,51049324
ENSG00000141646,ENST00000342988,30,51049294,51049324
ENSG00000141646,ENST00000592911,30,51049294,51049324
ENSG00000141646,ENST00000588745,30,51049294,51049324
ENSG00000141646,ENST00000592186,30,51049294,51049324
ENSG00000134440,ENST00000586807,10,57613670,57613680
ENSG00000172175,ENST00000348428,27,58714082,58714109
ENSG00000172175,ENST00000649217,27,58714082,58714109
ENSG00000172175,ENST00000345724,27,58714082,58714109
ENSG00000172175,ENST00000650045,27,58714082,58714109
ENSG00000172175,ENST00000648670,27,58714082,58714109
ENSG00000172175,ENST00000649202,27,58714082,58714109
ENSG00000172175,ENST00000649125,27,58714082,58714109
ENSG00000197563,ENST00000640268,11,62103588,62103599
ENSG00000166347,ENST00000340533,30,74260914,74260944
ENSG00000166347,ENST00000299438,30,74260914,74260944
ENSG00000166347,ENST00000494131,24,74256829,74256853
ENSG00000166347,ENST00000494131,30,74260914,74260944
ENSG00000166347,ENST00000579064,30,74260914,74260944
ENSG00000197971,ENST00000528160,27,76984774,76984801
ENSG00000197971,ENST00000577755,26,76988494,76988520
ENSG00000197971,ENST00000583474,7,76985203,76985210
ENSG00000197971,ENST00000533278,15,77016831,77016846
ENSG00000197971,ENST00000581179,7,76985203,76985210
ENSG00000197971,ENST00000582282,7,76985203,76985210
ENSG00000282508,ENST00000634022,26,201636,201662
ENSG00000099866,ENST00000617201,3,498870,498873
ENSG00000099866,ENST00000617201,9,498874,498883
ENSG00000099866,ENST00000619333,12,499037,499049
ENSG00000099866,ENST00000619333,23,499283,499306
ENSG00000099866,ENST00000619333,23,500047,500070
ENSG00000099866,ENST00000621286,5,501666,501671
ENSG00000172270,ENST00000545507,25,582305,582330
ENSG00000172270,ENST00000346916,25,582305,582330
ENSG00000172270,ENST00000333511,25,582305,582330
ENSG00000172270,ENST00000353555,25,582305,582330
ENSG00000172270,ENST00000618112,25,582305,582330
ENSG00000172270,ENST00000618006,25,582305,582330
ENSG00000172270,ENST00000571735,25,582305,582330
ENSG00000099864,ENST00000264560,22,734172,734194
ENSG00000099864,ENST00000338448,22,734172,734194
ENSG00000099864,ENST00000589012,22,734172,734194
ENSG00000099864,ENST00000593172,22,734172,734194
ENSG00000099864,ENST00000633534,22,734172,734194
ENSG00000175221,ENST00000269814,29,868862,868891
ENSG00000167468,ENST00000616066,25,1106241,1106266
ENSG00000167468,ENST00000354171,25,1106241,1106266
ENSG00000167468,ENST00000611653,25,1106241,1106266
ENSG00000167468,ENST00000588919,25,1106241,1106266
ENSG00000167468,ENST00000622390,25,1106241,1106266
ENSG00000167468,ENST00000587648,25,1106241,1106266
ENSG00000167468,ENST00000585480,25,1106241,1106266
ENSG00000099622,ENST00000587323,4,1269911,1269915
ENSG00000099622,ENST00000588230,3,1270879,1270882
ENSG00000115286,ENST00000618074,19,1391066,1391085
ENSG00000115286,ENST00000618074,10,1395390,1395400
ENSG00000115286,ENST00000620479,6,1391110,1391116
ENSG00000115286,ENST00000620479,10,1395390,1395400
ENSG00000071626,ENST00000336761,30,1429966,1429996
ENSG00000071626,ENST00000233078,30,1429966,1429996
ENSG00000071626,ENST00000592522,30,1429966,1429996
ENSG00000071626,ENST00000587079,30,1429966,1429996
ENSG00000071626,ENST00000592453,30,1429966,1429996
ENSG00000071626,ENST00000589484,30,1429966,1429996
ENSG00000071626,ENST00000585485,30,1429966,1429996
ENSG00000099840,ENST00000497445,27,2097928,2097955
ENSG00000099840,ENST00000478879,27,2097928,2097955
ENSG00000099840,ENST00000395301,27,2097928,2097955
ENSG00000099840,ENST00000395301,15,2098435,2098450
ENSG00000099840,ENST00000395301,18,2098786,2098804
ENSG00000099840,ENST00000395307,27,2097928,2097955
ENSG00000099840,ENST00000395307,15,2098435,2098450
ENSG00000099840,ENST00000395307,18,2098786,2098804
ENSG00000099840,ENST00000498554,15,2098435,2098450
ENSG00000099840,ENST00000498554,18,2098786,2098804
ENSG00000099840,ENST00000620263,27,2097928,2097955
ENSG00000099840,ENST00000395296,27,2097928,2097955
ENSG00000099840,ENST00000395296,15,2098435,2098450
ENSG00000099840,ENST00000591894,27,2097928,2097955
ENSG00000099840,ENST00000588003,27,2097928,2097955
ENSG00000099840,ENST00000588003,15,2098435,2098450
ENSG00000099840,ENST00000610800,15,2098435,2098450
ENSG00000005206,ENST00000621568,28,2338813,2338841
ENSG00000178297,ENST00000613480,18,2424088,2424106
ENSG00000172009,ENST00000591363,23,2810639,2810662
ENSG00000171970,ENST00000614108,21,2915717,2915738
ENSG00000171970,ENST00000614108,25,2916485,2916510
ENSG00000171970,ENST00000614108,23,2916596,2916619
ENSG00000104953,ENST00000246112,17,2987355,2987372
ENSG00000104953,ENST00000468176,17,2987355,2987372
ENSG00000104953,ENST00000452088,17,2987355,2987372
ENSG00000104953,ENST00000478073,17,2987355,2987372
ENSG00000065717,ENST00000262953,20,3017839,3017859
ENSG00000065717,ENST00000426948,20,3017839,3017859
ENSG00000065717,ENST00000591529,20,3017839,3017859
ENSG00000065717,ENST00000590536,20,3017839,3017859
ENSG00000065717,ENST00000587217,20,3017839,3017859
ENSG00000065717,ENST00000590101,20,3017839,3017859
ENSG00000065717,ENST00000590183,20,3017839,3017859
ENSG00000065717,ENST00000589291,20,3017839,3017859
ENSG00000065717,ENST00000592584,25,3028880,3028905
ENSG00000065717,ENST00000591720,25,3028880,3028905
ENSG00000161082,ENST00000586050,16,3281329,3281345
ENSG00000167657,ENST00000545797,27,3963642,3963669
ENSG00000167657,ENST00000301264,27,3963642,3963669
ENSG00000089847,ENST00000595928,27,4207107,4207134
ENSG00000105255,ENST00000221856,23,4310272,4310295
ENSG00000105255,ENST00000599375,23,4310272,4310295
ENSG00000105255,ENST00000601678,23,4310272,4310295
ENSG00000105255,ENST00000597590,23,4310272,4310295
ENSG00000105255,ENST00000601006,15,4306197,4306212
ENSG00000105255,ENST00000601815,23,4310272,4310295
ENSG00000105255,ENST00000597480,23,4310272,4310295
ENSG00000105255,ENST00000598010,23,4310272,4310295
ENSG00000167674,ENST00000601353,3,4486382,4486385
ENSG00000142002,ENST00000597726,19,4719922,4719941
ENSG00000127666,ENST00000621756,3,4817892,4817895
ENSG00000127666,ENST00000621756,3,4817936,4817939
ENSG00000127666,ENST00000621756,12,4817940,4817952
ENSG00000276043,ENST00000613817,24,4941907,4941931
ENSG00000105426,ENST00000588552,12,5218786,5218798
ENSG00000105426,ENST00000587303,12,5218786,5218798
ENSG00000105426,ENST00000587303,27,5229315,5229342
ENSG00000105426,ENST00000587303,12,5256107,5256119
ENSG00000105426,ENST00000587303,18,5260804,5260822
ENSG00000105426,ENST00000587303,9,5262963,5262972
ENSG00000105426,ENST00000592099,12,5218786,5218798
ENSG00000105426,ENST00000588012,12,5218786,5218798
ENSG00000105426,ENST00000262963,9,5219298,5219307
ENSG00000105426,ENST00000353284,12,5218786,5218798
ENSG00000105426,ENST00000353284,12,5256107,5256119
ENSG00000130254,ENST00000252542,28,5612539,5612567
ENSG00000130254,ENST00000591123,28,5612539,5612567
ENSG00000160633,ENST00000589863,28,5648015,5648043
ENSG00000160633,ENST00000292123,28,5648015,5648043
ENSG00000160633,ENST00000592224,28,5648015,5648043
ENSG00000160633,ENST00000586934,28,5648015,5648043
ENSG00000160633,ENST00000454510,28,5648015,5648043
ENSG00000160633,ENST00000588852,28,5648015,5648043
ENSG00000196365,ENST00000587365,6,5712462,5712468
ENSG00000031823,ENST00000588879,18,5957917,5957935
ENSG00000088247,ENST00000619396,30,6413542,6413572
ENSG00000205744,ENST00000592543,4,6479986,6479990
ENSG00000205744,ENST00000586046,4,6479986,6479990
ENSG00000104833,ENST00000600216,9,6501614,6501623
ENSG00000125733,ENST00000600677,19,6746177,6746196
ENSG00000141968,ENST00000304076,23,6833710,6833733
ENSG00000141968,ENST00000602142,23,6833710,6833733
ENSG00000141968,ENST00000596764,23,6833710,6833733
ENSG00000141968,ENST00000599806,23,6833710,6833733
ENSG00000141968,ENST00000539284,23,6833710,6833733
ENSG00000174837,ENST00000450315,24,6897427,6897451
ENSG00000229833,ENST00000594797,24,7630822,7630846
ENSG00000229833,ENST00000456958,24,7630822,7630846
ENSG00000229833,ENST00000598540,24,7630822,7630846
ENSG00000268400,ENST00000598664,24,7630822,7630846
ENSG00000268400,ENST00000599243,24,7630822,7630846
ENSG00000268400,ENST00000595866,24,7630822,7630846
ENSG00000104938,ENST00000394122,18,7763392,7763410
ENSG00000104938,ENST00000394122,7,7765369,7765376
ENSG00000142459,ENST00000601766,27,7863253,7863280
ENSG00000186994,ENST00000610351,12,8333723,8333735
ENSG00000167772,ENST00000595079,18,8364621,8364639
ENSG00000099783,ENST00000348943,8,8463496,8463504
ENSG00000099783,ENST00000597813,8,8463496,8463504
ENSG00000099783,ENST00000325495,8,8463496,8463504
ENSG00000099783,ENST00000600092,8,8463496,8463504
ENSG00000099783,ENST00000600806,8,8463496,8463504
ENSG00000099783,ENST00000594907,8,8463496,8463504
ENSG00000099783,ENST00000596984,4,8463496,8463500
ENSG00000099783,ENST00000601645,8,8463496,8463504
ENSG00000099783,ENST00000593293,8,8463496,8463504
ENSG00000099783,ENST00000598367,19,8468815,8468834
ENSG00000142347,ENST00000613525,6,8549594,8549600
ENSG00000090339,ENST00000588645,14,10283480,10283494
ENSG00000105401,ENST00000589629,18,10395020,10395038
ENSG00000129347,ENST00000539027,22,10557768,10557790
ENSG00000129353,ENST00000588214,30,10637531,10637561
ENSG00000079805,ENST00000585892,12,10808568,10808580
ENSG00000079805,ENST00000389253,12,10808568,10808580
ENSG00000079805,ENST00000355667,12,10808568,10808580
ENSG00000079805,ENST00000587830,30,10803638,10803668
ENSG00000214212,ENST00000592854,28,10858315,10858343
ENSG00000214212,ENST00000397820,28,10858315,10858343
ENSG00000214212,ENST00000587494,28,10858315,10858343
ENSG00000127616,ENST00000444061,3,10965306,10965309
ENSG00000127616,ENST00000413806,12,10995914,10995926
ENSG00000161888,ENST00000585567,25,11147869,11147894
ENSG00000161888,ENST00000592967,25,11147869,11147894
ENSG00000130158,ENST00000294618,15,11204080,11204095
ENSG00000130158,ENST00000587656,15,11204080,11204095
ENSG00000130159,ENST00000591104,28,11507701,11507729
ENSG00000132010,ENST00000454949,26,12136850,12136876
ENSG00000132010,ENST00000485451,26,12136850,12136876
ENSG00000095059,ENST00000614126,9,12681726,12681735
ENSG00000105576,ENST00000589956,30,12715709,12715739
ENSG00000095066,ENST00000397668,6,12765828,12765834
ENSG00000095066,ENST00000589765,5,12825177,12825182
ENSG00000095066,ENST00000589765,4,12826496,12826500
ENSG00000104915,ENST00000343587,21,13149572,13149593
ENSG00000141837,ENST00000614285,6,13241520,13241526
ENSG00000141837,ENST00000585802,6,13241520,13241526
ENSG00000141837,ENST00000637432,6,13241520,13241526
ENSG00000141837,ENST00000638029,6,13241520,13241526
ENSG00000141837,ENST00000636473,6,13241520,13241526
ENSG00000141837,ENST00000636549,6,13241520,13241526
ENSG00000141837,ENST00000637819,6,13241520,13241526
ENSG00000141837,ENST00000637777,6,13241520,13241526
ENSG00000141837,ENST00000637809,6,13241520,13241526
ENSG00000141837,ENST00000636058,6,13241520,13241526
ENSG00000072071,ENST00000340736,18,14152132,14152150
ENSG00000072071,ENST00000340736,15,14167015,14167030
ENSG00000072071,ENST00000361434,18,14152132,14152150
ENSG00000072071,ENST00000591528,15,14167015,14167030
ENSG00000099797,ENST00000598298,30,14536664,14536694
ENSG00000186204,ENST00000547332,20,15680277,15680297
ENSG00000186204,ENST00000547471,20,15680277,15680297
ENSG00000205396,ENST00000549354,23,16022679,16022702
ENSG00000127527,ENST00000592031,25,16440884,16440909
ENSG00000141979,ENST00000409035,24,16597429,16597453
ENSG00000160111,ENST00000443236,18,17009302,17009320
ENSG00000160111,ENST00000443236,23,17020330,17020353
ENSG00000160111,ENST00000388925,18,17009302,17009320
ENSG00000160111,ENST00000388925,23,17020330,17020353
ENSG00000160111,ENST00000291440,18,17009302,17009320
ENSG00000160111,ENST00000291440,23,17020330,17020353
ENSG00000053501,ENST00000263897,10,17217452,17217462
ENSG00000053501,ENST00000263897,28,17218363,17218391
ENSG00000053501,ENST00000600970,20,17218371,17218391
ENSG00000053501,ENST00000596136,10,17217452,17217462
ENSG00000053501,ENST00000596136,28,17218363,17218391
ENSG00000053501,ENST00000594724,10,17217452,17217462
ENSG00000053501,ENST00000594724,28,17218363,17218391
ENSG00000053501,ENST00000445667,28,17218363,17218391
ENSG00000053501,ENST00000593597,10,17217452,17217462
ENSG00000053501,ENST00000593597,28,17218363,17218391
ENSG00000099330,ENST00000600826,24,17228802,17228826
ENSG00000105393,ENST00000598188,25,17275800,17275825
ENSG00000105393,ENST00000594247,25,17275800,17275825
ENSG00000105393,ENST00000359435,25,17275800,17275825
ENSG00000105393,ENST00000599474,25,17275800,17275825
ENSG00000105393,ENST00000601043,25,17275800,17275825
ENSG00000105393,ENST00000601938,25,17275800,17275825
ENSG00000105393,ENST00000602066,25,17275800,17275825
ENSG00000269307,ENST00000596542,25,17275800,17275825
ENSG00000130300,ENST00000595816,26,17365972,17365998
ENSG00000282851,ENST00000646744,8,17413096,17413104
ENSG00000282851,ENST00000645298,8,17413096,17413104
ENSG00000282851,ENST00000635572,8,17413096,17413104
ENSG00000282851,ENST00000634813,8,17413096,17413104
ENSG00000282851,ENST00000647283,8,17413096,17413104
ENSG00000282851,ENST00000635176,8,17413096,17413104
ENSG00000282851,ENST00000645062,8,17413096,17413104
ENSG00000282851,ENST00000645376,8,17413096,17413104
ENSG00000282851,ENST00000634577,8,17413096,17413104
ENSG00000141971,ENST00000529490,8,17413096,17413104
ENSG00000141971,ENST00000600514,8,17413096,17413104
ENSG00000130313,ENST00000600923,24,17512944,17512968
ENSG00000130477,ENST00000519716,30,17620692,17620722
ENSG00000130477,ENST00000519716,6,17623541,17623547
ENSG00000130477,ENST00000519716,6,17649338,17649344
ENSG00000130477,ENST00000519716,30,17676011,17676041
ENSG00000130477,ENST00000551649,30,17620692,17620722
ENSG00000130477,ENST00000551649,6,17623541,17623547
ENSG00000130477,ENST00000551649,6,17649338,17649344
ENSG00000130477,ENST00000551649,30,17676011,17676041
ENSG00000130477,ENST00000552293,6,17649338,17649344
ENSG00000130477,ENST00000552293,30,17676011,17676041
ENSG00000130477,ENST00000550896,30,17676011,17676041
ENSG00000268112,ENST00000595363,5,17733254,17733259
ENSG00000130475,ENST00000594202,25,17775055,17775080
ENSG00000130475,ENST00000594202,25,17776246,17776271
ENSG00000130475,ENST00000252771,25,17775055,17775080
ENSG00000130475,ENST00000252771,25,17776246,17776271
ENSG00000130475,ENST00000600676,25,17775055,17775080
ENSG00000130475,ENST00000600676,25,17776246,17776271
ENSG00000130475,ENST00000597474,30,17754591,17754621
ENSG00000130475,ENST00000596536,25,17775055,17775080
ENSG00000130475,ENST00000596536,25,17776246,17776271
ENSG00000130475,ENST00000598086,30,17754591,17754621
ENSG00000130475,ENST00000595033,25,17775055,17775080
ENSG00000130475,ENST00000595033,25,17776246,17776271
ENSG00000130475,ENST00000596951,25,17775055,17775080
ENSG00000130475,ENST00000596951,25,17776246,17776271
ENSG00000130475,ENST00000597512,25,17775055,17775080
ENSG00000130475,ENST00000597512,25,17776246,17776271
ENSG00000105640,ENST00000599898,15,17861292,17861307
ENSG00000105642,ENST00000222249,9,17993053,17993062
ENSG00000105642,ENST00000615435,6,17989847,17989853
ENSG00000268650,ENST00000594805,8,18219508,18219516
ENSG00000130511,ENST00000348495,29,18433584,18433613
ENSG00000130511,ENST00000270061,29,18433584,18433613
ENSG00000130511,ENST00000593641,29,18433584,18433613
ENSG00000181035,ENST00000318596,26,19104912,19104938
ENSG00000181035,ENST00000597661,26,19104912,19104938
ENSG00000181035,ENST00000594070,26,19104912,19104938
ENSG00000129933,ENST00000262815,18,19335717,19335735
ENSG00000129933,ENST00000262815,28,19340845,19340873
ENSG00000129933,ENST00000609122,28,19340845,19340873
ENSG00000129933,ENST00000586189,18,19335717,19335735
ENSG00000129933,ENST00000592069,18,19335717,19335735
ENSG00000129933,ENST00000609060,28,19340845,19340873
ENSG00000129933,ENST00000585823,28,19340845,19340873
ENSG00000081665,ENST00000590766,24,19792460,19792484
ENSG00000160352,ENST00000425625,22,21109622,21109644
ENSG00000160352,ENST00000613286,22,21109622,21109644
ENSG00000196705,ENST00000600692,22,21175452,21175474
ENSG00000197013,ENST00000618549,21,21537026,21537047
ENSG00000197013,ENST00000618549,27,21537092,21537119
ENSG00000197013,ENST00000618549,12,21538622,21538634
ENSG00000197020,ENST00000608416,27,21726607,21726634
ENSG00000167232,ENST00000599281,30,23339230,23339260
ENSG00000269416,ENST00000600643,28,23403719,23403747
ENSG00000269416,ENST00000596283,28,23403719,23403747
ENSG00000269416,ENST00000593573,28,23403719,23403747
ENSG00000269416,ENST00000601293,28,23403719,23403747
ENSG00000269416,ENST00000601338,28,23403719,23403747
ENSG00000187135,ENST00000335523,30,29528432,29528462
ENSG00000168813,ENST00000544431,12,32380608,32380620
ENSG00000121289,ENST00000305768,29,32939856,32939885
ENSG00000121289,ENST00000591698,29,32939856,32939885
ENSG00000121289,ENST00000586984,29,32939856,32939885
ENSG00000121289,ENST00000590597,29,32939856,32939885
ENSG00000121289,ENST00000593276,29,32939856,32939885
ENSG00000166359,ENST00000592765,4,33142776,33142780
ENSG00000089351,ENST00000599564,21,35009422,35009443
ENSG00000089351,ENST00000594597,21,35009422,35009443
ENSG00000089351,ENST00000317991,21,35009422,35009443
ENSG00000089351,ENST00000317991,12,35022899,35022911
ENSG00000089351,ENST00000600231,21,35009422,35009443
ENSG00000089351,ENST00000424536,21,35009422,35009443
ENSG00000089351,ENST00000598073,21,35009422,35009443
ENSG00000105711,ENST00000595652,28,35033711,35033739
ENSG00000285526,ENST00000648240,24,35121221,35121245
ENSG00000089356,ENST00000604404,24,35121221,35121245
ENSG00000089356,ENST00000435734,24,35121221,35121245
ENSG00000089356,ENST00000603181,24,35121221,35121245
ENSG00000089356,ENST00000604255,24,35121221,35121245
ENSG00000089356,ENST00000346446,24,35121221,35121245
ENSG00000089356,ENST00000344013,24,35121221,35121245
ENSG00000089356,ENST00000605550,24,35121221,35121245
ENSG00000089356,ENST00000604804,24,35121221,35121245
ENSG00000089356,ENST00000603524,24,35121221,35121245
ENSG00000089356,ENST00000604621,24,35121221,35121245
ENSG00000089356,ENST00000605677,24,35121221,35121245
ENSG00000221857,ENST00000592174,30,35148693,35148723
ENSG00000221946,ENST00000586063,30,35148693,35148723
ENSG00000221946,ENST00000270310,30,35148693,35148723
ENSG00000221946,ENST00000588265,30,35148693,35148723
ENSG00000089327,ENST00000543307,30,35166141,35166171
ENSG00000089327,ENST00000392219,30,35166141,35166171
ENSG00000089327,ENST00000592290,30,35166141,35166171
ENSG00000089327,ENST00000541435,30,35166141,35166171
ENSG00000089327,ENST00000590686,30,35166141,35166171
ENSG00000089327,ENST00000496493,30,35166141,35166171
ENSG00000089327,ENST00000342879,30,35166141,35166171
ENSG00000089327,ENST00000588699,30,35166141,35166171
ENSG00000089327,ENST00000423817,30,35166141,35166171
ENSG00000089327,ENST00000392217,30,35166141,35166171
ENSG00000161249,ENST00000408915,24,35498873,35498897
ENSG00000161249,ENST00000460327,24,35498873,35498897
ENSG00000161249,ENST00000434389,24,35498873,35498897
ENSG00000161249,ENST00000488542,24,35498873,35498897
ENSG00000161249,ENST00000402589,24,35498873,35498897
ENSG00000161249,ENST00000462721,24,35498873,35498897
ENSG00000161249,ENST00000339686,24,35498873,35498897
ENSG00000161249,ENST00000488762,24,35498873,35498897
ENSG00000161249,ENST00000490622,24,35498873,35498897
ENSG00000161249,ENST00000436012,24,35498873,35498897
ENSG00000161249,ENST00000467532,24,35498873,35498897
ENSG00000161249,ENST00000414866,24,35498873,35498897
ENSG00000161249,ENST00000480502,24,35498873,35498897
ENSG00000161249,ENST00000469960,24,35498873,35498897
ENSG00000161249,ENST00000467637,24,35498873,35498897
ENSG00000161249,ENST00000429837,24,35498873,35498897
ENSG00000161249,ENST00000419602,24,35498873,35498897
ENSG00000161249,ENST00000462126,24,35498873,35498897
ENSG00000161249,ENST00000443640,24,35498873,35498897
ENSG00000161249,ENST00000597212,24,35498873,35498897
ENSG00000161249,ENST00000472252,24,35498873,35498897
ENSG00000161249,ENST00000601650,24,35498873,35498897
ENSG00000161249,ENST00000602781,24,35498873,35498897
ENSG00000161249,ENST00000492341,24,35498873,35498897
ENSG00000161249,ENST00000460051,24,35498873,35498897
ENSG00000161249,ENST00000498211,24,35498873,35498897
ENSG00000161249,ENST00000483855,24,35498873,35498897
ENSG00000161249,ENST00000493979,24,35498873,35498897
ENSG00000161249,ENST00000464709,24,35498873,35498897
ENSG00000161249,ENST00000463292,24,35498873,35498897
ENSG00000249115,ENST00000587439,25,35614034,35614059
ENSG00000249115,ENST00000585968,25,35614034,35614059
ENSG00000249115,ENST00000203166,25,35614034,35614059
ENSG00000249115,ENST00000592291,25,35614034,35614059
ENSG00000105672,ENST00000621247,5,35643435,35643440
ENSG00000105672,ENST00000621247,7,35643589,35643596
ENSG00000188223,ENST00000591613,30,35752803,35752833
ENSG00000267796,ENST00000590706,30,35752803,35752833
ENSG00000267796,ENST00000301159,30,35752803,35752833
ENSG00000161270,ENST00000378910,25,35831475,35831500
ENSG00000161270,ENST00000353632,25,35831475,35831500
ENSG00000126259,ENST00000586102,19,35856936,35856955
ENSG00000105290,ENST00000537454,24,35878084,35878108
ENSG00000105290,ENST00000221891,27,35878081,35878108
ENSG00000105290,ENST00000590561,27,35878081,35878108
ENSG00000105290,ENST00000586861,24,35878084,35878108
ENSG00000105290,ENST00000588808,24,35878084,35878108
ENSG00000105290,ENST00000589298,24,35878084,35878108
ENSG00000126247,ENST00000589146,18,36146036,36146054
ENSG00000126247,ENST00000629983,18,36146036,36146054
ENSG00000126247,ENST00000590211,30,36142651,36142681
ENSG00000161298,ENST00000639288,26,36628373,36628399
ENSG00000161298,ENST00000639288,16,36628460,36628476
ENSG00000196218,ENST00000355481,18,38536749,38536767
ENSG00000196218,ENST00000359596,15,38523914,38523929
ENSG00000196218,ENST00000359596,18,38536749,38536767
ENSG00000196218,ENST00000599547,15,38523914,38523929
ENSG00000182472,ENST00000601953,12,38736551,38736563
ENSG00000182472,ENST00000328867,12,38736551,38736563
ENSG00000171747,ENST00000307751,30,38803521,38803551
ENSG00000171747,ENST00000307751,27,38803868,38803895
ENSG00000171747,ENST00000600070,30,38803521,38803551
ENSG00000171747,ENST00000600070,27,38803868,38803895
ENSG00000171747,ENST00000596628,27,38803868,38803895
ENSG00000104835,ENST00000221431,30,38922237,38922267
ENSG00000104835,ENST00000594171,30,38922237,38922267
ENSG00000104835,ENST00000430193,30,38922237,38922267
ENSG00000104835,ENST00000600042,30,38922237,38922267
ENSG00000104835,ENST00000455102,30,38922237,38922267
ENSG00000104835,ENST00000598343,30,38922237,38922267
ENSG00000104835,ENST00000593754,30,38922237,38922267
ENSG00000269547,ENST00000599996,30,38922237,38922267
ENSG00000179134,ENST00000611159,28,39380757,39380785
ENSG00000006712,ENST00000221265,30,39390259,39390289
ENSG00000006712,ENST00000416728,30,39390259,39390289
ENSG00000006712,ENST00000595797,30,39390259,39390289
ENSG00000006712,ENST00000597365,30,39390259,39390289
ENSG00000090924,ENST00000425673,17,39421282,39421299
ENSG00000090924,ENST00000458508,17,39421282,39421299
ENSG00000090924,ENST00000409797,17,39421282,39421299
ENSG00000090924,ENST00000205135,17,39421282,39421299
ENSG00000090924,ENST00000596443,17,39421282,39421299
ENSG00000090924,ENST00000594307,17,39421282,39421299
ENSG00000090924,ENST00000600210,29,39423732,39423761
ENSG00000196235,ENST00000599117,12,39458293,39458305
ENSG00000196235,ENST00000432763,12,39458293,39458305
ENSG00000196235,ENST00000598725,12,39458293,39458305
ENSG00000196235,ENST00000598459,12,39458293,39458305
ENSG00000196235,ENST00000593727,12,39458293,39458305
ENSG00000105197,ENST00000314349,22,39483134,39483156
ENSG00000105197,ENST00000544017,22,39483134,39483156
ENSG00000105197,ENST00000601358,22,39483134,39483156
ENSG00000105197,ENST00000607714,22,39483134,39483156
ENSG00000105197,ENST00000597666,22,39483134,39483156
ENSG00000105197,ENST00000597782,22,39483134,39483156
ENSG00000105197,ENST00000599733,22,39483134,39483156
ENSG00000105197,ENST00000602265,22,39483134,39483156
ENSG00000105197,ENST00000594583,22,39483134,39483156
ENSG00000186838,ENST00000335426,25,39518607,39518632
ENSG00000186838,ENST00000423711,7,39518607,39518614
ENSG00000186838,ENST00000423711,15,39518617,39518632
ENSG00000186838,ENST00000622070,12,39518479,39518491
ENSG00000186838,ENST00000622070,13,39518619,39518632
ENSG00000160460,ENST00000392025,14,40549399,40549413
ENSG00000160460,ENST00000338932,14,40549399,40549413
ENSG00000090006,ENST00000598717,21,40611373,40611394
ENSG00000123815,ENST00000599643,27,40714106,40714133
ENSG00000167601,ENST00000301178,27,41239693,41239720
ENSG00000167601,ENST00000599659,27,41239693,41239720
ENSG00000167601,ENST00000593513,27,41239693,41239720
ENSG00000105323,ENST00000617774,6,41291878,41291884
ENSG00000076928,ENST00000354532,30,41893273,41893303
ENSG00000076928,ENST00000600274,30,41893273,41893303
ENSG00000076928,ENST00000599846,30,41893273,41893303
ENSG00000076928,ENST00000347545,30,41893273,41893303
ENSG00000076928,ENST00000378152,30,41893273,41893303
ENSG00000076928,ENST00000337665,30,41893273,41893303
ENSG00000076928,ENST00000594521,12,41897314,41897326
ENSG00000076928,ENST00000599589,12,41897314,41897326
ENSG00000160570,ENST00000601135,22,42202050,42202072
ENSG00000167380,ENST00000589160,26,44165587,44165613
ENSG00000167380,ENST00000588742,26,44165587,44165613
ENSG00000167380,ENST00000588127,26,44165587,44165613
ENSG00000267508,ENST00000591679,21,44394519,44394540
ENSG00000267508,ENST00000589738,21,44394519,44394540
ENSG00000073008,ENST00000403059,24,44658741,44658765
ENSG00000104856,ENST00000221452,9,45009813,45009822
ENSG00000104856,ENST00000625761,11,45009811,45009822
ENSG00000104856,ENST00000509480,9,45009813,45009822
ENSG00000104859,ENST00000221455,25,45070536,45070561
ENSG00000104859,ENST00000391953,27,45052070,45052097
ENSG00000104859,ENST00000391953,25,45070536,45070561
ENSG00000104859,ENST00000391952,25,45070536,45070561
ENSG00000104859,ENST00000544944,25,45070536,45070561
ENSG00000104859,ENST00000585615,25,45070536,45070561
ENSG00000104859,ENST00000591904,25,45070536,45070561
ENSG00000104859,ENST00000587472,25,45070536,45070561
ENSG00000104859,ENST00000588070,25,45070536,45070561
ENSG00000213889,ENST00000401593,30,45500680,45500710
ENSG00000213889,ENST00000396736,21,45500689,45500710
ENSG00000125746,ENST00000589876,29,45638844,45638873
ENSG00000125746,ENST00000588308,29,45638844,45638873
ENSG00000125746,ENST00000586195,29,45638844,45638873
ENSG00000125746,ENST00000245925,29,45638844,45638873
ENSG00000125746,ENST00000536630,29,45638844,45638873
ENSG00000125746,ENST00000587152,29,45638844,45638873
ENSG00000125746,ENST00000399594,29,45638844,45638873
ENSG00000125746,ENST00000588000,29,45638844,45638873
ENSG00000125746,ENST00000588610,29,45638844,45638873
ENSG00000125746,ENST00000591721,29,45638844,45638873
ENSG00000125746,ENST00000588889,29,45638844,45638873
ENSG00000125746,ENST00000593255,29,45638844,45638873
ENSG00000125746,ENST00000590043,29,45638844,45638873
ENSG00000118160,ENST00000236877,18,47441168,47441186
ENSG00000118160,ENST00000542837,18,47441168,47441186
ENSG00000118160,ENST00000539381,18,47441168,47441186
ENSG00000118160,ENST00000601757,18,47441168,47441186
ENSG00000178980,ENST00000601048,25,47780724,47780749
ENSG00000178980,ENST00000612212,7,47780724,47780731
ENSG00000178980,ENST00000612212,15,47780734,47780749
ENSG00000178980,ENST00000509570,12,47780119,47780131
ENSG00000178980,ENST00000509570,16,47780733,47780749
ENSG00000178980,ENST00000593892,25,47780724,47780749
ENSG00000178980,ENST00000599874,25,47780724,47780749
ENSG00000178980,ENST00000595615,25,47780724,47780749
ENSG00000178980,ENST00000595509,25,47780724,47780749
ENSG00000188334,ENST00000344839,30,47979569,47979599
ENSG00000188334,ENST00000344839,21,47980920,47980941
ENSG00000105499,ENST00000599111,27,48088685,48088712
ENSG00000105499,ENST00000354276,27,48088685,48088712
ENSG00000105499,ENST00000599921,27,48088685,48088712
ENSG00000105499,ENST00000601946,27,48088685,48088712
ENSG00000105499,ENST00000598185,27,48088685,48088712
ENSG00000105443,ENST00000641098,3,48477716,48477719
ENSG00000063177,ENST00000550645,29,48615876,48615905
ENSG00000182264,ENST00000332955,21,48744174,48744195
ENSG00000182264,ENST00000595937,21,48744174,48744195
ENSG00000182264,ENST00000595517,21,48744174,48744195
ENSG00000087088,ENST00000391871,27,48955686,48955713
ENSG00000177380,ENST00000334186,27,49146165,49146192
ENSG00000177380,ENST00000602655,27,49146165,49146192
ENSG00000074219,ENST00000598810,12,49355958,49355970
ENSG00000074219,ENST00000593945,12,49355958,49355970
ENSG00000074219,ENST00000539846,12,49355958,49355970
ENSG00000142534,ENST00000599561,15,49497580,49497595
ENSG00000126456,ENST00000593337,25,49662592,49662617
ENSG00000196961,ENST00000597774,24,49781946,49781970
ENSG00000104973,ENST00000617849,23,49818570,49818593
ENSG00000104973,ENST00000622402,11,49818570,49818581
ENSG00000104973,ENST00000612791,1,49836838,49836839
ENSG00000104973,ENST00000618715,23,49818570,49818593
ENSG00000104973,ENST00000618715,5,49830737,49830742
ENSG00000104946,ENST00000622860,13,49888012,49888025
ENSG00000161652,ENST00000293405,21,50159229,50159250
ENSG00000161652,ENST00000600293,21,50159229,50159250
ENSG00000161652,ENST00000486050,21,50159229,50159250
ENSG00000105357,ENST00000598205,28,50223082,50223110
ENSG00000105357,ENST00000598205,24,50224153,50224177
ENSG00000105357,ENST00000425460,28,50223082,50223110
ENSG00000105357,ENST00000425460,24,50224153,50224177
ENSG00000105357,ENST00000376970,28,50223082,50223110
ENSG00000105357,ENST00000440075,28,50223082,50223110
ENSG00000105357,ENST00000646861,28,50223082,50223110
ENSG00000105357,ENST00000642316,28,50223082,50223110
ENSG00000105357,ENST00000642316,24,50224153,50224177
ENSG00000105357,ENST00000599920,28,50223082,50223110
ENSG00000105357,ENST00000599920,24,50224153,50224177
ENSG00000105357,ENST00000601313,28,50223082,50223110
ENSG00000105357,ENST00000601313,24,50224153,50224177
ENSG00000105357,ENST00000596571,28,50223082,50223110
ENSG00000142539,ENST00000599632,28,50419945,50419973
ENSG00000269404,ENST00000595883,28,50419945,50419973
ENSG00000269404,ENST00000439922,28,50419945,50419973
ENSG00000269404,ENST00000599923,28,50419945,50419973
ENSG00000269404,ENST00000594188,28,50419945,50419973
ENSG00000269404,ENST00000597855,28,50419945,50419973
ENSG00000269404,ENST00000596074,28,50419945,50419973
ENSG00000269404,ENST00000270632,28,50419945,50419973
ENSG00000086967,ENST00000357701,30,50451279,50451309
ENSG00000161671,ENST00000597426,16,50477985,50478001
ENSG00000161681,ENST00000293441,27,50697095,50697122
ENSG00000161681,ENST00000391814,24,50687016,50687040
ENSG00000161681,ENST00000391814,27,50697095,50697122
ENSG00000142515,ENST00000601503,14,50856225,50856239
ENSG00000142515,ENST00000617027,17,50858298,50858315
ENSG00000142515,ENST00000595392,17,50858298,50858315
ENSG00000160318,ENST00000593841,27,51367549,51367576
ENSG00000182310,ENST00000576093,24,51702628,51702652
ENSG00000182310,ENST00000573266,24,51702628,51702652
ENSG00000182310,ENST00000637797,24,51702628,51702652
ENSG00000182310,ENST00000576494,24,51702628,51702652
ENSG00000161551,ENST00000638538,30,51886115,51886145
ENSG00000197619,ENST00000618049,15,52001780,52001795
ENSG00000197619,ENST00000618049,9,52001796,52001805
ENSG00000197619,ENST00000601178,21,52000357,52000378
ENSG00000196214,ENST00000600821,30,52275577,52275607
ENSG00000213020,ENST00000319783,21,52728923,52728944
ENSG00000196417,ENST00000594627,25,53426017,53426042
ENSG00000196417,ENST00000596086,25,53426017,53426042
ENSG00000130844,ENST00000502248,30,53563762,53563792
ENSG00000130844,ENST00000511593,30,53563762,53563792
ENSG00000130844,ENST00000509585,30,53563762,53563792
ENSG00000130844,ENST00000505949,30,53563762,53563792
ENSG00000130844,ENST00000648397,30,53563762,53563792
ENSG00000126583,ENST00000263431,30,53893361,53893391
ENSG00000189068,ENST00000419106,28,54042168,54042196
ENSG00000189068,ENST00000338372,28,54042168,54042196
ENSG00000189068,ENST00000376626,28,54042168,54042196
ENSG00000189068,ENST00000366170,28,54042168,54042196
ENSG00000170909,ENST00000356532,12,54099589,54099601
ENSG00000170909,ENST00000359649,12,54099589,54099601
ENSG00000170909,ENST00000617140,12,54099589,54099601
ENSG00000170909,ENST00000611261,12,54099589,54099601
ENSG00000170909,ENST00000616447,14,54097167,54097181
ENSG00000167614,ENST00000445095,11,54416055,54416066
ENSG00000131037,ENST00000592824,29,55083615,55083644
ENSG00000131037,ENST00000201647,29,55083615,55083644
ENSG00000131037,ENST00000540810,29,55083615,55083644
ENSG00000131037,ENST00000587786,29,55083615,55083644
ENSG00000131037,ENST00000245618,29,55083615,55083644
ENSG00000105048,ENST00000587758,22,55145543,55145565
ENSG00000105048,ENST00000587758,27,55146680,55146707
ENSG00000105048,ENST00000587758,14,55147007,55147021
ENSG00000105048,ENST00000356783,22,55145543,55145565
ENSG00000105048,ENST00000356783,27,55146680,55146707
ENSG00000105048,ENST00000356783,14,55147007,55147021
ENSG00000105048,ENST00000291901,22,55145543,55145565
ENSG00000105048,ENST00000291901,27,55146680,55146707
ENSG00000105048,ENST00000291901,14,55147007,55147021
ENSG00000105048,ENST00000588426,30,55140882,55140912
ENSG00000105048,ENST00000588426,27,55146680,55146707
ENSG00000105048,ENST00000588426,14,55147007,55147021
ENSG00000105048,ENST00000588981,22,55145543,55145565
ENSG00000105048,ENST00000588981,27,55146680,55146707
ENSG00000105048,ENST00000588981,14,55147007,55147021
ENSG00000105048,ENST00000536926,22,55145543,55145565
ENSG00000105048,ENST00000536926,27,55146680,55146707
ENSG00000105048,ENST00000587465,22,55145543,55145565
ENSG00000105048,ENST00000585321,22,55145543,55145565
ENSG00000105048,ENST00000587089,22,55145543,55145565
ENSG00000105048,ENST00000593046,22,55145543,55145565
ENSG00000105048,ENST00000593046,27,55146680,55146707
ENSG00000105048,ENST00000593046,14,55147007,55147021
ENSG00000105048,ENST00000589226,22,55145543,55145565
ENSG00000105048,ENST00000589226,27,55146680,55146707
ENSG00000105048,ENST00000589226,14,55147007,55147021
ENSG00000105048,ENST00000592920,22,55145543,55145565
ENSG00000105048,ENST00000592920,27,55146680,55146707
ENSG00000105048,ENST00000592920,14,55147007,55147021
ENSG00000105048,ENST00000588147,22,55145543,55145565
ENSG00000105048,ENST00000588147,14,55147007,55147021
ENSG00000105048,ENST00000586282,25,55146680,55146705
ENSG00000105048,ENST00000586282,14,55147007,55147021
ENSG00000129991,ENST00000344887,13,55157295,55157308
ENSG00000129991,ENST00000587176,13,55157295,55157308
ENSG00000133265,ENST00000585927,27,55265277,55265304
ENSG00000133247,ENST00000255613,20,55343977,55343997
ENSG00000133247,ENST00000445196,20,55343977,55343997
ENSG00000133247,ENST00000630497,20,55343977,55343997
ENSG00000133247,ENST00000592631,20,55343977,55343997
ENSG00000133247,ENST00000460956,20,55343977,55343997
ENSG00000133247,ENST00000587442,20,55343977,55343997
ENSG00000180043,ENST00000424985,25,55361409,55361434
ENSG00000179954,ENST00000594321,27,55489005,55489032
ENSG00000179954,ENST00000587166,27,55489005,55489032
ENSG00000179954,ENST00000389623,27,55489005,55489032
ENSG00000267710,ENST00000593116,26,56282994,56283020
ENSG00000267710,ENST00000593116,27,56284997,56285024
ENSG00000267710,ENST00000593116,27,56296335,56296362
ENSG00000267710,ENST00000649256,18,56276091,56276109
ENSG00000267710,ENST00000649256,6,56281692,56281698
ENSG00000267710,ENST00000649256,9,56282490,56282499
ENSG00000267710,ENST00000649256,9,56284197,56284206
ENSG00000267710,ENST00000649256,27,56284997,56285024
ENSG00000267710,ENST00000649256,18,56288873,56288891
ENSG00000267710,ENST00000649256,6,56290840,56290846
ENSG00000267710,ENST00000649256,9,56295958,56295967
ENSG00000267710,ENST00000649256,27,56296335,56296362
ENSG00000267710,ENST00000649256,27,56297504,56297531
ENSG00000267710,ENST00000586573,27,56284997,56285024
ENSG00000267710,ENST00000591188,27,56284997,56285024
ENSG00000267710,ENST00000591188,9,56295958,56295967
ENSG00000267710,ENST00000591188,27,56296335,56296362
ENSG00000267710,ENST00000591188,27,56297504,56297531
ENSG00000105146,ENST00000448930,15,57233593,57233608
ENSG00000131849,ENST00000639285,17,58435484,58435501
ENSG00000131849,ENST00000639285,13,58436286,58436299
ENSG00000130726,ENST00000597136,25,58548885,58548910
ENSG00000125841,ENST00000608467,24,355325,355349
ENSG00000101298,ENST00000381867,28,1294950,1294978
ENSG00000088833,ENST00000476071,6,1455713,1455719
ENSG00000198053,ENST00000400068,25,1927874,1927899
ENSG00000198053,ENST00000622179,25,1927874,1927899
ENSG00000198053,ENST00000356025,25,1927874,1927899
ENSG00000198053,ENST00000358771,25,1927874,1927899
ENSG00000088881,ENST00000481662,23,2755626,2755649
ENSG00000215305,ENST00000481812,11,2862053,2862064
ENSG00000132670,ENST00000380393,27,2975214,2975241
ENSG00000132670,ENST00000399903,27,2975214,2975241
ENSG00000132670,ENST00000430705,27,2975214,2975241
ENSG00000226995,ENST00000600157,7,5446044,5446051
ENSG00000101384,ENST00000254958,28,10644356,10644384
ENSG00000101384,ENST00000423891,28,10644356,10644384
ENSG00000101384,ENST00000617965,28,10644356,10644384
ENSG00000172264,ENST00000217246,30,14493478,14493508
ENSG00000172264,ENST00000642719,30,14493478,14493508
ENSG00000172264,ENST00000494602,30,14493478,14493508
ENSG00000172264,ENST00000490428,30,14493478,14493508
ENSG00000089006,ENST00000491090,23,17944121,17944144
ENSG00000185052,ENST00000328041,26,19665863,19665889
ENSG00000185052,ENST00000613834,4,19355137,19355141
ENSG00000185052,ENST00000613834,26,19665863,19665889
ENSG00000173418,ENST00000334982,25,20022455,20022480
ENSG00000173418,ENST00000484480,25,20022455,20022480
ENSG00000173418,ENST00000310450,25,20022455,20022480
ENSG00000173418,ENST00000463154,25,20022455,20022480
ENSG00000173418,ENST00000398602,25,20022455,20022480
ENSG00000101474,ENST00000451442,24,24964374,24964398
ENSG00000277112,ENST00000623715,29,30695915,30695944
ENSG00000171456,ENST00000375687,3,32367726,32367729
ENSG00000171456,ENST00000646367,3,32367726,32367729
ENSG00000171456,ENST00000645337,3,32367726,32367729
ENSG00000171456,ENST00000649901,13,32360793,32360806
ENSG00000171456,ENST00000649901,3,32367726,32367729
ENSG00000171456,ENST00000646985,3,32367726,32367729
ENSG00000171456,ENST00000645035,3,32367726,32367729
ENSG00000171456,ENST00000497249,3,32367726,32367729
ENSG00000171456,ENST00000643168,3,32367726,32367729
ENSG00000171456,ENST00000375689,3,32367726,32367729
ENSG00000171456,ENST00000555343,3,32367726,32367729
ENSG00000171456,ENST00000645688,3,32367726,32367729
ENSG00000171456,ENST00000642676,3,32367726,32367729
ENSG00000171456,ENST00000470145,3,32367726,32367729
ENSG00000233146,ENST00000457066,23,33323323,33323346
ENSG00000125967,ENST00000246190,26,33669686,33669712
ENSG00000125967,ENST00000246190,25,33672397,33672422
ENSG00000125967,ENST00000375238,26,33669686,33669712
ENSG00000125967,ENST00000375238,25,33672397,33672422
ENSG00000125967,ENST00000488489,26,33669686,33669712
ENSG00000125967,ENST00000488489,25,33672397,33672422
ENSG00000125967,ENST00000485399,26,33669686,33669712
ENSG00000125967,ENST00000485399,25,33672397,33672422
ENSG00000125967,ENST00000485976,30,33662211,33662241
ENSG00000125967,ENST00000606690,26,33669686,33669712
ENSG00000125967,ENST00000606690,25,33672397,33672422
ENSG00000125967,ENST00000439478,26,33669686,33669712
ENSG00000125967,ENST00000439478,25,33672397,33672422
ENSG00000125967,ENST00000607805,26,33669686,33669712
ENSG00000125967,ENST00000607805,25,33672397,33672422
ENSG00000125967,ENST00000493590,26,33669686,33669712
ENSG00000125967,ENST00000493590,25,33672397,33672422
ENSG00000125967,ENST00000606699,25,33672397,33672422
ENSG00000125967,ENST00000473892,26,33669686,33669712
ENSG00000125967,ENST00000484824,25,33672397,33672422
ENSG00000131069,ENST00000468550,22,34914095,34914117
ENSG00000078814,ENST00000262873,28,34981032,34981060
ENSG00000078814,ENST00000262873,24,34984691,34984715
ENSG00000078814,ENST00000618182,28,34981032,34981060
ENSG00000078814,ENST00000618182,24,34984691,34984715
ENSG00000101019,ENST00000453855,20,35314687,35314707
ENSG00000125991,ENST00000357394,15,35554371,35554386
ENSG00000125991,ENST00000640748,26,35542322,35542348
ENSG00000125991,ENST00000640748,30,35547475,35547505
ENSG00000061656,ENST00000374273,26,35618449,35618475
ENSG00000061656,ENST00000454819,26,35618449,35618475
ENSG00000061656,ENST00000498203,26,35618449,35618475
ENSG00000272897,ENST00000441563,16,35673600,35673616
ENSG00000131051,ENST00000494274,26,35713831,35713857
ENSG00000232907,ENST00000439595,14,36508811,36508825
ENSG00000101084,ENST00000639924,6,36606043,36606049
ENSG00000101084,ENST00000639924,15,36606050,36606065
ENSG00000101084,ENST00000639924,12,36609723,36609735
ENSG00000101084,ENST00000639924,12,36609740,36609752
ENSG00000080839,ENST00000525052,29,37066992,37067021
ENSG00000197122,ENST00000373558,18,37386459,37386477
ENSG00000053438,ENST00000647955,27,37522357,37522384
ENSG00000132792,ENST00000621317,4,37757045,37757049
ENSG00000170471,ENST00000632792,9,38534384,38534393
ENSG00000198900,ENST00000361337,25,41029430,41029455
ENSG00000196090,ENST00000373187,30,42236228,42236258
ENSG00000196090,ENST00000373190,30,42236228,42236258
ENSG00000196090,ENST00000373198,30,42236228,42236258
ENSG00000196090,ENST00000373193,30,42236228,42236258
ENSG00000196090,ENST00000612229,30,42236228,42236258
ENSG00000196090,ENST00000617474,30,42236228,42236258
ENSG00000196090,ENST00000618610,30,42236228,42236258
ENSG00000124120,ENST00000372904,24,44478623,44478647
ENSG00000101104,ENST00000481196,20,44919182,44919202
ENSG00000175063,ENST00000356455,28,45813436,45813464
ENSG00000175063,ENST00000405520,28,45813436,45813464
ENSG00000175063,ENST00000617055,28,45813436,45813464
ENSG00000175063,ENST00000335046,28,45813436,45813464
ENSG00000175063,ENST00000243893,28,45813436,45813464
ENSG00000175063,ENST00000352551,28,45813436,45813464
ENSG00000175063,ENST00000372568,28,45813436,45813464
ENSG00000124104,ENST00000462307,11,45840447,45840458
ENSG00000124104,ENST00000372541,11,45840447,45840458
ENSG00000124104,ENST00000478230,11,45840447,45840458
ENSG00000124104,ENST00000372547,11,45840447,45840458
ENSG00000198026,ENST00000322927,19,45960863,45960882
ENSG00000124140,ENST00000454036,15,46056896,46056911
ENSG00000124140,ENST00000626937,28,46037254,46037282
ENSG00000124140,ENST00000243964,15,46056896,46056911
ENSG00000124140,ENST00000616933,15,46056896,46056911
ENSG00000124140,ENST00000539566,28,46037254,46037282
ENSG00000101017,ENST00000372285,29,46128329,46128358
ENSG00000101017,ENST00000620709,29,46128329,46128358
ENSG00000101017,ENST00000372276,29,46128329,46128358
ENSG00000101017,ENST00000466205,29,46128329,46128358
ENSG00000101017,ENST00000489304,29,46128329,46128358
ENSG00000101017,ENST00000477696,29,46128329,46128358
ENSG00000196562,ENST00000467815,25,47659696,47659721
ENSG00000255438,ENST00000526566,3,47678530,47678533
ENSG00000274261,ENST00000615740,10,48409568,48409578
ENSG00000124214,ENST00000614381,7,49118332,49118339
ENSG00000124214,ENST00000614381,18,49118341,49118359
ENSG00000124214,ENST00000614381,6,49120013,49120019
ENSG00000283529,ENST00000637575,27,49330703,49330730
ENSG00000244687,ENST00000420027,5,50084379,50084384
ENSG00000244687,ENST00000420027,23,50084483,50084506
ENSG00000042062,ENST00000327979,24,50611180,50611204
ENSG00000042062,ENST00000045083,24,50611180,50611204
ENSG00000042062,ENST00000462493,24,50611180,50611204
ENSG00000000419,ENST00000371588,26,50945736,50945762
ENSG00000000419,ENST00000466152,26,50945736,50945762
ENSG00000000419,ENST00000371582,26,50945736,50945762
ENSG00000000419,ENST00000494752,26,50945736,50945762
ENSG00000000419,ENST00000371584,26,50945736,50945762
ENSG00000000419,ENST00000413082,26,50945736,50945762
ENSG00000271774,ENST00000606932,6,53273375,53273381
ENSG00000124222,ENST00000458280,15,58652072,58652087
ENSG00000124222,ENST00000458280,12,58659622,58659634
ENSG00000124222,ENST00000355957,12,58659622,58659634
ENSG00000124222,ENST00000312283,15,58652072,58652087
ENSG00000124222,ENST00000412911,15,58652072,58652087
ENSG00000124222,ENST00000412911,12,58659622,58659634
ENSG00000124222,ENST00000460655,15,58652072,58652087
ENSG00000124222,ENST00000460655,12,58659622,58659634
ENSG00000124222,ENST00000359617,12,58659622,58659634
ENSG00000124222,ENST00000371141,12,58659622,58659634
ENSG00000124222,ENST00000476384,15,58652072,58652087
ENSG00000124222,ENST00000483434,15,58652072,58652087
ENSG00000124222,ENST00000496117,15,58652072,58652087
ENSG00000124222,ENST00000496117,12,58659622,58659634
ENSG00000124222,ENST00000490700,15,58652072,58652087
ENSG00000124222,ENST00000467096,12,58659622,58659634
ENSG00000124222,ENST00000464640,12,58659622,58659634
ENSG00000124222,ENST00000493301,12,58659622,58659634
ENSG00000124222,ENST00000468590,12,58659622,58659634
ENSG00000254995,ENST00000530122,12,58659622,58659634
ENSG00000237121,ENST00000416241,15,58743904,58743919
ENSG00000087460,ENST00000480232,24,58889525,58889549
ENSG00000196074,ENST00000357552,25,59919157,59919182
ENSG00000196074,ENST00000371001,25,59919157,59919182
ENSG00000196074,ENST00000446834,25,59919157,59919182
ENSG00000101181,ENST00000448254,16,62188789,62188805
ENSG00000130703,ENST00000645442,15,62263676,62263691
ENSG00000101187,ENST00000495889,27,62668157,62668184
ENSG00000101187,ENST00000466961,30,62668154,62668184
ENSG00000060491,ENST00000621591,8,62813843,62813851
ENSG00000060491,ENST00000621591,18,62813852,62813870
ENSG00000092758,ENST00000477612,24,62821506,62821530
ENSG00000092758,ENST00000649368,24,62821506,62821530
ENSG00000092758,ENST00000343916,24,62821506,62821530
ENSG00000092758,ENST00000489045,24,62821506,62821530
ENSG00000092758,ENST00000452372,24,62821506,62821530
ENSG00000101194,ENST00000370351,30,62966702,62966732
ENSG00000101194,ENST00000370349,30,62966702,62966732
ENSG00000101194,ENST00000459704,30,62966702,62966732
ENSG00000101194,ENST00000483113,30,62966702,62966732
ENSG00000149658,ENST00000370339,25,63215576,63215601
ENSG00000149658,ENST00000370334,25,63215576,63215601
ENSG00000101199,ENST00000519604,30,63283850,63283880
ENSG00000101199,ENST00000547204,30,63283850,63283880
ENSG00000101199,ENST00000353546,30,63283850,63283880
ENSG00000075043,ENST00000626839,30,63424176,63424206
ENSG00000075043,ENST00000626839,30,63431339,63431369
ENSG00000075043,ENST00000629676,30,63424176,63424206
ENSG00000075043,ENST00000625514,30,63424176,63424206
ENSG00000075043,ENST00000629241,30,63424176,63424206
ENSG00000075043,ENST00000370224,30,63424176,63424206
ENSG00000075043,ENST00000637193,30,63424176,63424206
ENSG00000075043,ENST00000359125,30,63424176,63424206
ENSG00000075043,ENST00000359125,30,63431339,63431369
ENSG00000075043,ENST00000357249,30,63424176,63424206
ENSG00000075043,ENST00000357249,30,63431339,63431369
ENSG00000075043,ENST00000360480,30,63424176,63424206
ENSG00000075043,ENST00000344462,30,63424176,63424206
ENSG00000075043,ENST00000344462,30,63431339,63431369
ENSG00000075043,ENST00000627221,30,63424176,63424206
ENSG00000075043,ENST00000637632,30,63424176,63424206
ENSG00000075043,ENST00000370221,30,63431339,63431369
ENSG00000125520,ENST00000473157,29,63742335,63742364
ENSG00000101150,ENST00000351424,27,63886015,63886042
ENSG00000101150,ENST00000217121,27,63886015,63886042
ENSG00000198276,ENST00000354216,17,63943652,63943669
ENSG00000198276,ENST00000369908,17,63943652,63943669
ENSG00000198276,ENST00000632800,23,63942469,63942492
ENSG00000198276,ENST00000632800,17,63943652,63943669
ENSG00000278903,ENST00000624847,20,6358554,6358574
ENSG00000278931,ENST00000624291,29,8866870,8866899
ENSG00000278932,ENST00000625153,25,9343507,9343532
ENSG00000175302,ENST00000451052,29,13393716,13393745
ENSG00000175302,ENST00000451052,29,13413761,13413790
ENSG00000175302,ENST00000451052,29,13426311,13426340
ENSG00000215559,ENST00000451663,29,13951231,13951260
ENSG00000215559,ENST00000428576,29,13951231,13951260
ENSG00000215559,ENST00000432875,29,13951231,13951260
ENSG00000215559,ENST00000429521,29,13951231,13951260
ENSG00000215559,ENST00000344693,29,13951231,13951260
ENSG00000215386,ENST00000602659,18,16628003,16628021
ENSG00000154721,ENST00000400532,16,25709433,25709449
ENSG00000154721,ENST00000480456,16,25709433,25709449
ENSG00000154721,ENST00000312957,16,25709433,25709449
ENSG00000154721,ENST00000460679,16,25709433,25709449
ENSG00000186842,ENST00000334165,29,32574095,32574124
ENSG00000159082,ENST00000357345,24,32634860,32634884
ENSG00000159082,ENST00000357345,24,32676331,32676355
ENSG00000159082,ENST00000382491,24,32634860,32634884
ENSG00000159082,ENST00000438952,24,32634860,32634884
ENSG00000159082,ENST00000382499,24,32634860,32634884
ENSG00000159082,ENST00000382499,24,32676331,32676355
ENSG00000159082,ENST00000433931,24,32676331,32676355
ENSG00000159082,ENST00000418301,21,32634860,32634881
ENSG00000232539,ENST00000453716,25,33062791,33062816
ENSG00000205726,ENST00000381318,15,33802429,33802444
ENSG00000205726,ENST00000381291,15,33802429,33802444
ENSG00000205726,ENST00000399355,15,33802429,33802444
ENSG00000205726,ENST00000419241,8,33802436,33802444
ENSG00000205726,ENST00000440794,15,33802429,33802444
ENSG00000243927,ENST00000488492,23,34103496,34103519
ENSG00000243927,ENST00000477091,23,34103496,34103519
ENSG00000159256,ENST00000546482,24,36384186,36384210
ENSG00000224790,ENST00000430068,20,36969600,36969620
ENSG00000185658,ENST00000333229,30,39313071,39313101
ENSG00000185658,ENST00000342449,30,39313071,39313101
ENSG00000185658,ENST00000380800,30,39313071,39313101
ENSG00000185658,ENST00000341322,30,39313071,39313101
ENSG00000185658,ENST00000470108,30,39313071,39313101
ENSG00000185658,ENST00000484090,30,39313071,39313101
ENSG00000205581,ENST00000288344,30,39348421,39348451
ENSG00000205581,ENST00000486741,30,39348421,39348451
ENSG00000205581,ENST00000431390,30,39348421,39348451
ENSG00000205581,ENST00000380749,30,39348421,39348451
ENSG00000205581,ENST00000492280,30,39348421,39348451
ENSG00000205581,ENST00000436324,30,39348421,39348451
ENSG00000205581,ENST00000419378,30,39348421,39348451
ENSG00000205581,ENST00000489072,30,39348421,39348451
ENSG00000205581,ENST00000482192,30,39348421,39348451
ENSG00000205581,ENST00000380747,30,39348421,39348451
ENSG00000205581,ENST00000485550,30,39348421,39348451
ENSG00000205581,ENST00000443046,30,39348421,39348451
ENSG00000205581,ENST00000491183,30,39348421,39348451
ENSG00000205581,ENST00000479586,30,39348421,39348451
ENSG00000205581,ENST00000471260,30,39348421,39348451
ENSG00000285815,ENST00000647779,30,39508997,39509027
ENSG00000285815,ENST00000648253,30,39508997,39509027
ENSG00000157578,ENST00000484878,24,39429187,39429211
ENSG00000185437,ENST00000380637,30,39508997,39509027
ENSG00000185437,ENST00000380634,30,39508997,39509027
ENSG00000185437,ENST00000458295,30,39508997,39509027
ENSG00000185437,ENST00000440288,30,39508997,39509027
ENSG00000185437,ENST00000380631,30,39508997,39509027
ENSG00000185437,ENST00000333634,30,39508997,39509027
ENSG00000185437,ENST00000452550,30,39508997,39509027
ENSG00000185437,ENST00000423596,30,39508997,39509027
ENSG00000183067,ENST00000380588,22,39788166,39788188
ENSG00000160180,ENST00000291525,9,42313484,42313493
ENSG00000160208,ENST00000340648,20,43685769,43685789
ENSG00000160214,ENST00000497547,20,43800861,43800881
ENSG00000160214,ENST00000467112,20,43800861,43800881
ENSG00000160214,ENST00000471909,20,43800861,43800881
ENSG00000160226,ENST00000339818,19,44337648,44337667
ENSG00000160226,ENST00000496321,19,44337648,44337667
ENSG00000160226,ENST00000462742,19,44337648,44337667
ENSG00000160226,ENST00000397956,19,44337648,44337667
ENSG00000160226,ENST00000325223,19,44337648,44337667
ENSG00000142185,ENST00000621064,30,44425712,44425742
ENSG00000215454,ENST00000622352,5,44601080,44601085
ENSG00000182871,ENST00000400337,27,45478326,45478353
ENSG00000182871,ENST00000400337,27,45482794,45482821
ENSG00000182871,ENST00000400337,27,45488417,45488444
ENSG00000182871,ENST00000400337,30,45492534,45492564
ENSG00000182871,ENST00000400337,27,45492686,45492713
ENSG00000182871,ENST00000400337,27,45494544,45494571
ENSG00000182871,ENST00000355480,27,45478326,45478353
ENSG00000182871,ENST00000355480,27,45482794,45482821
ENSG00000182871,ENST00000355480,27,45488417,45488444
ENSG00000182871,ENST00000355480,30,45492534,45492564
ENSG00000182871,ENST00000355480,27,45492686,45492713
ENSG00000182871,ENST00000355480,27,45494544,45494571
ENSG00000182871,ENST00000359759,27,45478326,45478353
ENSG00000182871,ENST00000359759,27,45482794,45482821
ENSG00000182871,ENST00000359759,27,45488417,45488444
ENSG00000182871,ENST00000359759,30,45492534,45492564
ENSG00000182871,ENST00000359759,27,45492686,45492713
ENSG00000182871,ENST00000359759,27,45494544,45494571
ENSG00000182871,ENST00000342220,30,45492534,45492564
ENSG00000182871,ENST00000342220,27,45492686,45492713
ENSG00000182871,ENST00000342220,27,45494544,45494571
ENSG00000182871,ENST00000459895,27,45494544,45494571
ENSG00000183570,ENST00000400314,24,45899598,45899622
ENSG00000183570,ENST00000400310,24,45899598,45899622
ENSG00000183570,ENST00000400309,24,45899598,45899622
ENSG00000183570,ENST00000400308,24,45899598,45899622
ENSG00000183570,ENST00000449640,24,45899598,45899622
ENSG00000183570,ENST00000498121,24,45899598,45899622
ENSG00000183570,ENST00000400305,24,45899598,45899622
ENSG00000183570,ENST00000400304,24,45899598,45899622
ENSG00000142156,ENST00000361866,21,45987154,45987175
ENSG00000142156,ENST00000361866,21,45987498,45987519
ENSG00000142156,ENST00000361866,27,45989751,45989778
ENSG00000142156,ENST00000361866,27,45990257,45990284
ENSG00000142156,ENST00000361866,9,46000758,46000767
ENSG00000142156,ENST00000361866,30,46003119,46003149
ENSG00000142156,ENST00000612273,21,45987154,45987175
ENSG00000142156,ENST00000612273,21,45987498,45987519
ENSG00000142156,ENST00000612273,27,45989751,45989778
ENSG00000142156,ENST00000612273,27,45990257,45990284
ENSG00000142156,ENST00000612273,30,46003119,46003149
ENSG00000142156,ENST00000498614,30,46003119,46003149
ENSG00000142156,ENST00000486023,30,46003119,46003149
ENSG00000142173,ENST00000300527,21,46112803,46112824
ENSG00000142173,ENST00000300527,27,46116376,46116403
ENSG00000142173,ENST00000300527,27,46116650,46116677
ENSG00000142173,ENST00000310645,21,46112803,46112824
ENSG00000142173,ENST00000310645,27,46116376,46116403
ENSG00000142173,ENST00000310645,27,46116650,46116677
ENSG00000142173,ENST00000409416,21,46112803,46112824
ENSG00000142173,ENST00000409416,27,46116376,46116403
ENSG00000142173,ENST00000409416,27,46116650,46116677
ENSG00000142173,ENST00000397763,21,46112803,46112824
ENSG00000142173,ENST00000397763,27,46116376,46116403
ENSG00000142173,ENST00000397763,27,46116650,46116677
ENSG00000142173,ENST00000485591,27,46116376,46116403
ENSG00000142173,ENST00000485591,27,46116650,46116677
ENSG00000160285,ENST00000356396,28,46213024,46213052
ENSG00000160285,ENST00000397728,28,46213024,46213052
ENSG00000160285,ENST00000457828,28,46213024,46213052
ENSG00000160285,ENST00000522411,28,46213024,46213052
ENSG00000160299,ENST00000359568,21,46398234,46398255
ENSG00000160299,ENST00000480896,21,46398234,46398255
ENSG00000236235,ENST00000448473,30,15290994,15291024
ENSG00000177663,ENST00000319363,25,17097061,17097086
ENSG00000177663,ENST00000319363,12,17105590,17105602
ENSG00000177663,ENST00000612619,25,17097061,17097086
ENSG00000177663,ENST00000612619,12,17105590,17105602
ENSG00000099954,ENST00000342247,4,17534743,17534747
ENSG00000187979,ENST00000434390,25,18199189,18199214
ENSG00000274044,ENST00000619172,25,18383486,18383511
ENSG00000274044,ENST00000618517,25,18383486,18383511
ENSG00000274044,ENST00000613790,25,18383486,18383511
ENSG00000274044,ENST00000615974,25,18383486,18383511
ENSG00000277870,ENST00000624459,25,18425503,18425528
ENSG00000277870,ENST00000624001,25,18425503,18425528
ENSG00000182824,ENST00000342888,25,18736558,18736583
ENSG00000276095,ENST00000614596,25,18886445,18886470
ENSG00000070413,ENST00000545799,5,19065184,19065189
ENSG00000070010,ENST00000399523,29,19454801,19454830
ENSG00000070010,ENST00000466373,29,19454801,19454830
ENSG00000184702,ENST00000455784,11,19714780,19714791
ENSG00000184702,ENST00000406395,11,19714780,19714791
ENSG00000184702,ENST00000406172,11,19714780,19714791
ENSG00000184702,ENST00000413258,25,19720641,19720666
ENSG00000184470,ENST00000400518,20,19899048,19899068
ENSG00000184470,ENST00000494454,20,19899048,19899068
ENSG00000184470,ENST00000542719,20,19899048,19899068
ENSG00000184470,ENST00000474308,20,19899048,19899068
ENSG00000184470,ENST00000400519,20,19899048,19899068
ENSG00000184470,ENST00000400525,20,19899048,19899068
ENSG00000184470,ENST00000400521,20,19899048,19899068
ENSG00000184470,ENST00000635155,20,19899048,19899068
ENSG00000184470,ENST00000491939,20,19899048,19899068
ENSG00000184470,ENST00000334363,20,19899048,19899068
ENSG00000184470,ENST00000475995,20,19899048,19899068
ENSG00000099889,ENST00000263207,18,19976705,19976723
ENSG00000099889,ENST00000401994,18,19976705,19976723
ENSG00000188280,ENST00000617303,25,20341523,20341548
ENSG00000188280,ENST00000583722,25,20341523,20341548
ENSG00000188280,ENST00000610338,25,20341523,20341548
ENSG00000161133,ENST00000454608,8,20387425,20387433
ENSG00000161133,ENST00000454608,10,20389605,20389615
ENSG00000099917,ENST00000445987,30,20553144,20553174
ENSG00000099917,ENST00000414658,30,20553144,20553174
ENSG00000099917,ENST00000433831,30,20553144,20553174
ENSG00000099917,ENST00000432052,30,20553144,20553174
ENSG00000099917,ENST00000292733,30,20553144,20553174
ENSG00000099917,ENST00000263205,30,20553144,20553174
ENSG00000099917,ENST00000406969,30,20553144,20553174
ENSG00000099917,ENST00000382974,30,20553144,20553174
ENSG00000099917,ENST00000441501,30,20553144,20553174
ENSG00000099917,ENST00000445189,30,20553144,20553174
ENSG00000099917,ENST00000451058,30,20553144,20553174
ENSG00000099917,ENST00000457322,30,20553144,20553174
ENSG00000099917,ENST00000428629,30,20553144,20553174
ENSG00000099917,ENST00000424287,30,20553144,20553174
ENSG00000099917,ENST00000423862,30,20553144,20553174
ENSG00000099917,ENST00000420849,30,20553144,20553174
ENSG00000099917,ENST00000487550,30,20553144,20553174
ENSG00000250261,ENST00000508880,28,20590878,20590906
ENSG00000183773,ENST00000399167,21,20980746,20980767
ENSG00000183773,ENST00000440238,21,20980746,20980767
ENSG00000215498,ENST00000451257,25,21170472,21170497
ENSG00000215498,ENST00000415376,25,21170472,21170497
ENSG00000215498,ENST00000421576,25,21170472,21170497
ENSG00000215498,ENST00000446717,25,21170472,21170497
ENSG00000215498,ENST00000424410,25,21170472,21170497
ENSG00000206142,ENST00000447720,25,21322302,21322327
ENSG00000206142,ENST00000416615,25,21322302,21322327
ENSG00000206142,ENST00000416405,25,21322302,21322327
ENSG00000206142,ENST00000453273,25,21322302,21322327
ENSG00000206142,ENST00000431488,25,21322302,21322327
ENSG00000211642,ENST00000640991,28,22086846,22086874
ENSG00000133519,ENST00000456279,29,23398077,23398106
ENSG00000178248,ENST00000320372,22,23470314,23470336
ENSG00000189269,ENST00000317749,22,23613638,23613660
ENSG00000189269,ENST00000317749,22,23616852,23616874
ENSG00000189269,ENST00000317749,30,23619363,23619393
ENSG00000189269,ENST00000317749,22,23620593,23620615
ENSG00000189269,ENST00000317749,22,23624882,23624904
ENSG00000189269,ENST00000614553,22,23613638,23613660
ENSG00000189269,ENST00000614553,22,23616852,23616874
ENSG00000189269,ENST00000614553,30,23619363,23619393
ENSG00000189269,ENST00000614553,22,23620593,23620615
ENSG00000189269,ENST00000614553,22,23624882,23624904
ENSG00000159496,ENST00000441897,24,23697837,23697861
ENSG00000159496,ENST00000401461,24,23697837,23697861
ENSG00000159496,ENST00000290691,24,23697837,23697861
ENSG00000159496,ENST00000615003,24,23697837,23697861
ENSG00000159496,ENST00000612432,24,23697837,23697861
ENSG00000159496,ENST00000460003,24,23697837,23697861
ENSG00000159496,ENST00000423392,24,23697837,23697861
ENSG00000159496,ENST00000467354,24,23697837,23697861
ENSG00000159496,ENST00000452208,24,23697837,23697861
ENSG00000099956,ENST00000634926,27,23800943,23800970
ENSG00000099956,ENST00000635578,27,23800943,23800970
ENSG00000230637,ENST00000433457,22,25337271,25337293
ENSG00000180957,ENST00000335272,8,27897129,27897137
ENSG00000180957,ENST00000320996,8,27897129,27897137
ENSG00000180957,ENST00000634017,8,27897129,27897137
ENSG00000180957,ENST00000477861,8,27897129,27897137
ENSG00000180957,ENST00000415296,8,27897129,27897137
ENSG00000180957,ENST00000436663,8,27897129,27897137
ENSG00000100154,ENST00000397906,24,27990788,27990812
ENSG00000100154,ENST00000612946,24,27990788,27990812
ENSG00000182944,ENST00000436425,18,29274264,29274282
ENSG00000182944,ENST00000447973,15,29274267,29274282
ENSG00000182944,ENST00000414183,18,29274264,29274282
ENSG00000100280,ENST00000357586,9,29329711,29329720
ENSG00000100280,ENST00000357586,21,29339753,29339774
ENSG00000100280,ENST00000405198,9,29329711,29329720
ENSG00000100280,ENST00000405198,21,29339753,29339774
ENSG00000285697,ENST00000650462,28,29410176,29410204
ENSG00000285697,ENST00000649455,28,29410176,29410204
ENSG00000100296,ENST00000414902,24,29544579,29544603
ENSG00000100330,ENST00000333027,27,30023456,30023483
ENSG00000100330,ENST00000406629,27,30023456,30023483
ENSG00000176635,ENST00000336726,21,30111795,30111816
ENSG00000176635,ENST00000336726,27,30112495,30112522
ENSG00000176635,ENST00000450612,21,30111795,30111816
ENSG00000176635,ENST00000450612,27,30112495,30112522
ENSG00000176635,ENST00000403975,21,30111795,30111816
ENSG00000176635,ENST00000403975,27,30112495,30112522
ENSG00000198832,ENST00000611680,21,31105929,31105950
ENSG00000198832,ENST00000611680,12,31105953,31105965
ENSG00000138942,ENST00000494514,19,31192683,31192702
ENSG00000138942,ENST00000326132,19,31192683,31192702
ENSG00000138942,ENST00000471384,19,31192683,31192702
ENSG00000138942,ENST00000518626,19,31192683,31192702
ENSG00000138942,ENST00000426256,19,31192683,31192702
ENSG00000138942,ENST00000468921,19,31192683,31192702
ENSG00000138942,ENST00000266252,19,31192683,31192702
ENSG00000198089,ENST00000474741,15,31618211,31618226
ENSG00000205856,ENST00000382097,28,32149752,32149780
ENSG00000205856,ENST00000382097,28,32150991,32151019
ENSG00000205856,ENST00000382097,28,32152066,32152094
ENSG00000205856,ENST00000467813,28,32149752,32149780
ENSG00000205856,ENST00000467813,28,32152066,32152094
ENSG00000205853,ENST00000382084,25,32367689,32367714
ENSG00000205853,ENST00000400234,25,32367689,32367714
ENSG00000205853,ENST00000382086,25,32367689,32367714
ENSG00000205853,ENST00000577714,25,32367689,32367714
ENSG00000100284,ENST00000382034,8,35323622,35323630
ENSG00000100297,ENST00000444778,25,35403517,35403542
ENSG00000128284,ENST00000426939,27,36145472,36145499
ENSG00000128284,ENST00000426939,23,36145576,36145599
ENSG00000100345,ENST00000216181,28,36327460,36327488
ENSG00000100345,ENST00000463027,28,36327460,36327488
ENSG00000100345,ENST00000401701,28,36327460,36327488
ENSG00000100065,ENST00000403299,29,37503184,37503213
ENSG00000100065,ENST00000406271,29,37503184,37503213
ENSG00000100065,ENST00000251973,29,37503184,37503213
ENSG00000100065,ENST00000437756,29,37503184,37503213
ENSG00000100065,ENST00000433485,29,37503184,37503213
ENSG00000100097,ENST00000454173,17,37678375,37678392
ENSG00000198792,ENST00000633438,21,38222641,38222662
ENSG00000100335,ENST00000481746,27,39503695,39503722
ENSG00000100354,ENST00000301923,22,40251178,40251200
ENSG00000100354,ENST00000402203,22,40251178,40251200
ENSG00000100354,ENST00000454349,22,40251178,40251200
ENSG00000100354,ENST00000335727,22,40251178,40251200
ENSG00000100372,ENST00000430221,18,40799022,40799040
ENSG00000100372,ENST00000427084,18,40799022,40799040
ENSG00000100410,ENST00000216252,24,41468123,41468147
ENSG00000100410,ENST00000491254,24,41468123,41468147
ENSG00000100418,ENST00000263256,22,41607839,41607861
ENSG00000196419,ENST00000402580,16,41636235,41636251
ENSG00000100197,ENST00000389970,29,42127780,42127809
ENSG00000205702,ENST00000612115,26,42141370,42141396
ENSG00000172250,ENST00000359906,20,42502748,42502768
ENSG00000172250,ENST00000642172,20,42502748,42502768
ENSG00000183569,ENST00000447870,20,42556063,42556083
ENSG00000183569,ENST00000477564,20,42556063,42556083
ENSG00000183569,ENST00000340239,20,42556063,42556083
ENSG00000183569,ENST00000534080,20,42556063,42556083
ENSG00000183569,ENST00000327678,20,42556063,42556083
ENSG00000183569,ENST00000407614,14,42554937,42554951
ENSG00000183569,ENST00000335879,20,42556063,42556083
ENSG00000100266,ENST00000634914,6,42880616,42880622
ENSG00000188677,ENST00000406477,20,44140123,44140143
ENSG00000188677,ENST00000338758,20,44140123,44140143
ENSG00000188677,ENST00000619710,20,44140123,44140143
ENSG00000188677,ENST00000404989,20,44140123,44140143
ENSG00000138964,ENST00000422871,23,44193800,44193823
ENSG00000138964,ENST00000444313,23,44193800,44193823
ENSG00000056487,ENST00000403565,23,44889759,44889782
ENSG00000056487,ENST00000313237,23,44889759,44889782
ENSG00000056487,ENST00000396103,23,44889759,44889782
ENSG00000056487,ENST00000629843,23,44889759,44889782
ENSG00000100364,ENST00000423262,12,45205629,45205641
ENSG00000130638,ENST00000640901,29,45734388,45734417
ENSG00000075240,ENST00000406902,26,46663837,46663863
ENSG00000075240,ENST00000361034,26,46663837,46663863
ENSG00000075240,ENST00000456069,26,46663837,46663863
ENSG00000188263,ENST00000389983,28,50008636,50008664
ENSG00000100429,ENST00000483222,29,50248830,50248859
ENSG00000100429,ENST00000498366,29,50248830,50248859
ENSG00000188130,ENST00000497036,30,50256934,50256964
ENSG00000188130,ENST00000215659,30,50256934,50256964
ENSG00000185386,ENST00000330651,30,50267256,50267286
ENSG00000185386,ENST00000395764,30,50267256,50267286
ENSG00000196576,ENST00000614805,6,50278265,50278271
ENSG00000196576,ENST00000614805,3,50278434,50278437
ENSG00000196576,ENST00000614805,30,50278666,50278696
ENSG00000196576,ENST00000614805,27,50278854,50278881
ENSG00000100258,ENST00000474879,29,50506637,50506666
ENSG00000100258,ENST00000216080,29,50506637,50506666
ENSG00000100258,ENST00000505981,29,50506637,50506666
ENSG00000100258,ENST00000507607,29,50506637,50506666
ENSG00000100288,ENST00000471515,26,50580056,50580082
ENSG00000251322,ENST00000414786,24,50711614,50711638
ENSG00000251322,ENST00000414786,27,50724126,50724153
ENSG00000251322,ENST00000445220,20,50695052,50695072
ENSG00000251322,ENST00000445220,24,50711614,50711638
ENSG00000251322,ENST00000262795,5,50695927,50695932
ENSG00000251322,ENST00000262795,11,50696903,50696914
ENSG00000251322,ENST00000262795,24,50697243,50697267
ENSG00000251322,ENST00000262795,24,50711614,50711638
ENSG00000079974,ENST00000435118,30,50777951,50777981
ENSG00000079974,ENST00000354869,30,50777951,50777981
ENSG00000079974,ENST00000425098,30,50777951,50777981
ENSG00000079974,ENST00000395593,30,50777951,50777981
ENSG00000079974,ENST00000395598,30,50777951,50777981
ENSG00000079974,ENST00000395591,30,50777951,50777981
ENSG00000079974,ENST00000395595,30,50777951,50777981
ENSG00000079974,ENST00000436958,30,50777951,50777981
ENSG00000079974,ENST00000464678,30,50777951,50777981
ENSG00000079974,ENST00000395590,30,50777951,50777981
ENSG00000079974,ENST00000468451,30,50777951,50777981
ENSG00000278198,ENST00000611619,20,178159,178179
ENSG00000273496,ENST00000621382,20,100543,100563
ENSG00000273554,ENST00000613216,24,1144063,1144087
ENSG00000273554,ENST00000611339,24,1144063,1144087
ENSG00000198223,ENST00000381529,30,1295426,1295456
ENSG00000198223,ENST00000501036,30,1295426,1295456
ENSG00000198223,ENST00000417535,30,1295426,1295456
ENSG00000198223,ENST00000381524,30,1295426,1295456
ENSG00000198223,ENST00000493312,30,1295426,1295456
ENSG00000198223,ENST00000432318,30,1295426,1295456
ENSG00000198223,ENST00000381509,30,1295426,1295456
ENSG00000198223,ENST00000494969,25,1287173,1287198
ENSG00000198223,ENST00000486791,30,1295426,1295456
ENSG00000198223,ENST00000355432,30,1295426,1295456
ENSG00000198223,ENST00000381500,30,1295426,1295456
ENSG00000198223,ENST00000475259,30,1295426,1295456
ENSG00000198223,ENST00000475259,20,1302896,1302916
ENSG00000198223,ENST00000498153,30,1295426,1295456
ENSG00000185291,ENST00000331035,27,1358860,1358887
ENSG00000185291,ENST00000381469,27,1358860,1358887
ENSG00000002586,ENST00000611428,18,2733356,2733374
ENSG00000002586,ENST00000623253,18,2733356,2733374
ENSG00000124343,ENST00000381174,24,2774715,2774739
ENSG00000124343,ENST00000644266,24,2774715,2774739
ENSG00000285756,ENST00000425492,29,3829363,3829392
ENSG00000169059,ENST00000612369,4,6533747,6533751
ENSG00000182583,ENST00000620630,4,7844009,7844013
ENSG00000205642,ENST00000444481,4,8466376,8466380
ENSG00000169933,ENST00000616992,6,12708940,12708946
ENSG00000231216,ENST00000431486,12,13311701,13311713
ENSG00000231216,ENST00000431486,26,13311832,13311858
ENSG00000046651,ENST00000398395,15,13744414,13744429
ENSG00000046651,ENST00000398395,6,13744430,13744436
ENSG00000101958,ENST00000443437,28,14574372,14574400
ENSG00000182287,ENST00000545766,9,15828191,15828200
ENSG00000102104,ENST00000379984,26,18657639,18657665
ENSG00000044446,ENST00000379942,30,18900669,18900699
ENSG00000044446,ENST00000473739,30,18900669,18900699
ENSG00000173698,ENST00000379873,24,19037466,19037490
ENSG00000173698,ENST00000379878,24,19037466,19037490
ENSG00000173698,ENST00000354791,24,19037466,19037490
ENSG00000173698,ENST00000357991,24,19037466,19037490
ENSG00000173698,ENST00000357544,24,19037466,19037490
ENSG00000173698,ENST00000379869,24,19037466,19037490
ENSG00000173698,ENST00000356606,24,19037466,19037490
ENSG00000173698,ENST00000340581,24,19037466,19037490
ENSG00000180815,ENST00000338883,24,19486481,19486505
ENSG00000173681,ENST00000379687,28,19937504,19937532
ENSG00000173681,ENST00000472158,28,19937504,19937532
ENSG00000173681,ENST00000466702,28,19918071,19918099
ENSG00000173681,ENST00000340625,28,19937504,19937532
ENSG00000177189,ENST00000645270,21,20235492,20235513
ENSG00000177189,ENST00000642835,21,20235492,20235513
ENSG00000123130,ENST00000379303,27,23734340,23734367
ENSG00000130066,ENST00000463236,21,23783657,23783678
ENSG00000184831,ENST00000634086,6,23833606,23833612
ENSG00000101868,ENST00000611764,5,24727783,24727788
ENSG00000198814,ENST00000378946,18,30697731,30697749
ENSG00000198814,ENST00000427190,18,30697731,30697749
ENSG00000198814,ENST00000481024,18,30697731,30697749
ENSG00000198947,ENST00000619831,15,32216888,32216903
ENSG00000198947,ENST00000620040,15,32216888,32216903
ENSG00000198947,ENST00000472681,27,33085900,33085927
ENSG00000180182,ENST00000324817,27,40729318,40729345
ENSG00000180182,ENST00000482034,27,40729318,40729345
ENSG00000180182,ENST00000495865,27,40729318,40729345
ENSG00000147044,ENST00000421587,18,41622616,41622634
ENSG00000147044,ENST00000645566,18,41622616,41622634
ENSG00000147044,ENST00000646120,18,41622616,41622634
ENSG00000147044,ENST00000378163,18,41622616,41622634
ENSG00000147044,ENST00000645986,18,41622616,41622634
ENSG00000147044,ENST00000378154,18,41622616,41622634
ENSG00000147044,ENST00000643733,27,41522998,41523025
ENSG00000147044,ENST00000643831,18,41622616,41622634
ENSG00000102225,ENST00000622098,11,47223748,47223759
ENSG00000078061,ENST00000290277,28,47566883,47566911
ENSG00000078061,ENST00000377045,28,47566883,47566911
ENSG00000221994,ENST00000428463,27,48043749,48043776
ENSG00000102312,ENST00000359882,15,48514126,48514141
ENSG00000102312,ENST00000355961,18,48512834,48512852
ENSG00000102312,ENST00000326194,18,48512834,48512852
ENSG00000102312,ENST00000326194,15,48514126,48514141
ENSG00000102312,ENST00000367574,15,48514126,48514141
ENSG00000102312,ENST00000537758,18,48512834,48512852
ENSG00000094631,ENST00000646703,23,48815028,48815051
ENSG00000094631,ENST00000647398,26,48815025,48815051
ENSG00000068308,ENST00000610466,8,48957472,48957480
ENSG00000068400,ENST00000593475,27,48998153,48998180
ENSG00000068400,ENST00000376423,27,48998153,48998180
ENSG00000068400,ENST00000611757,27,48998153,48998180
ENSG00000068400,ENST00000622231,27,48998153,48998180
ENSG00000068400,ENST00000617369,27,48998153,48998180
ENSG00000068400,ENST00000611705,27,48998153,48998180
ENSG00000196998,ENST00000634671,27,49077884,49077911
ENSG00000102001,ENST00000376251,21,49212973,49212994
ENSG00000102001,ENST00000376251,27,49226216,49226243
ENSG00000102001,ENST00000376251,15,49231677,49231692
ENSG00000102001,ENST00000323022,21,49212973,49212994
ENSG00000102001,ENST00000323022,27,49226216,49226243
ENSG00000102001,ENST00000376265,21,49212973,49212994
ENSG00000102001,ENST00000376265,27,49226216,49226243
ENSG00000230317,ENST00000442994,22,51108950,51108972
ENSG00000187243,ENST00000481096,30,52062221,52062251
ENSG00000154545,ENST00000479281,30,52191843,52191873
ENSG00000154545,ENST00000497348,18,52191843,52191861
ENSG00000124313,ENST00000640694,30,53291894,53291924
ENSG00000124313,ENST00000396435,30,53291894,53291924
ENSG00000124313,ENST00000642864,30,53291894,53291924
ENSG00000196632,ENST00000354646,30,54228713,54228743
ENSG00000196632,ENST00000375159,30,54228713,54228743
ENSG00000196632,ENST00000620763,9,54232775,54232784
ENSG00000158571,ENST00000374992,28,54960823,54960851
ENSG00000158578,ENST00000493869,10,55020319,55020329
ENSG00000126970,ENST00000488406,22,64919041,64919063
ENSG00000126970,ENST00000488406,12,64919192,64919204
ENSG00000155659,ENST00000427538,22,66022840,66022862
ENSG00000155659,ENST00000374737,22,66022840,66022862
ENSG00000155659,ENST00000412866,22,66022840,66022862
ENSG00000169083,ENST00000612452,21,67722151,67722172
ENSG00000158813,ENST00000374553,24,70023217,70023241
ENSG00000158813,ENST00000374552,24,70023217,70023241
ENSG00000158813,ENST00000524573,24,70023217,70023241
ENSG00000158813,ENST00000503592,24,70023217,70023241
ENSG00000158813,ENST00000510681,30,69756874,69756904
ENSG00000158813,ENST00000616899,24,70023217,70023241
ENSG00000120500,ENST00000374495,24,70280558,70280582
ENSG00000120500,ENST00000620997,24,70280558,70280582
ENSG00000120500,ENST00000307959,24,70280558,70280582
ENSG00000120500,ENST00000307959,10,70281098,70281108
ENSG00000130055,ENST00000453994,29,70432911,70432940
ENSG00000130055,ENST00000538649,29,70432911,70432940
ENSG00000130055,ENST00000536730,29,70432911,70432940
ENSG00000130055,ENST00000374382,29,70432911,70432940
ENSG00000130055,ENST00000472623,29,70432911,70432940
ENSG00000147164,ENST00000622259,4,71058623,71058627
ENSG00000147140,ENST00000472185,10,71284396,71284406
ENSG00000147133,ENST00000423759,6,71455006,71455012
ENSG00000147133,ENST00000373775,6,71455006,71455012
ENSG00000147133,ENST00000468167,22,71441699,71441721
ENSG00000147133,ENST00000468167,6,71455006,71455012
ENSG00000125931,ENST00000453707,19,72306476,72306495
ENSG00000229807,ENST00000635841,30,73841291,73841321
ENSG00000102383,ENST00000373367,27,75505820,75505847
ENSG00000165288,ENST00000373275,30,80809012,80809042
ENSG00000165288,ENST00000478415,30,80809012,80809042
ENSG00000198157,ENST00000358130,30,81118729,81118759
ENSG00000198157,ENST00000358130,30,81119787,81119817
ENSG00000198157,ENST00000373250,30,81118729,81118759
ENSG00000198157,ENST00000430960,30,81118729,81118759
ENSG00000198157,ENST00000430960,30,81119787,81119817
ENSG00000198157,ENST00000491275,30,81119787,81119817
ENSG00000198157,ENST00000436386,30,81118729,81118759
ENSG00000198157,ENST00000436386,30,81119787,81119817
ENSG00000198157,ENST00000451455,30,81118729,81118759
ENSG00000198157,ENST00000451455,30,81119787,81119817
ENSG00000155008,ENST00000622540,9,85073997,85074006
ENSG00000155008,ENST00000613473,6,85046338,85046344
ENSG00000124429,ENST00000262753,28,85315706,85315734
ENSG00000124429,ENST00000373145,28,85315706,85315734
ENSG00000102290,ENST00000373097,24,92468298,92468322
ENSG00000102290,ENST00000373094,30,92263113,92263143
ENSG00000102290,ENST00000373094,24,92468298,92468322
ENSG00000102290,ENST00000373088,24,92468298,92468322
ENSG00000102290,ENST00000504220,30,92263113,92263143
ENSG00000102290,ENST00000504220,24,92468298,92468322
ENSG00000102290,ENST00000406881,30,92263113,92263143
ENSG00000147202,ENST00000373054,21,96763099,96763120
ENSG00000174225,ENST00000372953,7,100988377,100988384
ENSG00000101843,ENST00000372296,20,108087952,108087972
ENSG00000101843,ENST00000372296,4,108088095,108088099
ENSG00000101843,ENST00000372295,20,108087952,108087972
ENSG00000101843,ENST00000372295,4,108088095,108088099
ENSG00000188153,ENST00000328300,27,108571810,108571837
ENSG00000188153,ENST00000328300,9,108670227,108670236
ENSG00000188153,ENST00000328300,9,108674744,108674753
ENSG00000188153,ENST00000361603,27,108571810,108571837
ENSG00000188153,ENST00000489230,9,108674744,108674753
ENSG00000068366,ENST00000340800,18,109685426,109685444
ENSG00000068366,ENST00000469857,18,109685426,109685444
ENSG00000077264,ENST00000620137,30,111123168,111123198
ENSG00000077279,ENST00000356220,28,111411969,111411997
ENSG00000102024,ENST00000289290,27,115640109,115640136
ENSG00000102024,ENST00000420625,27,115640109,115640136
ENSG00000147251,ENST00000632573,18,118685519,118685537
ENSG00000077721,ENST00000371558,26,119575374,119575400
ENSG00000077721,ENST00000346330,26,119575374,119575400
ENSG00000077721,ENST00000625938,26,119575374,119575400
ENSG00000077721,ENST00000630695,26,119575374,119575400
ENSG00000077721,ENST00000631185,26,119575374,119575400
ENSG00000077721,ENST00000629303,26,119575374,119575400
ENSG00000077721,ENST00000628549,26,119575374,119575400
ENSG00000125351,ENST00000619445,12,119837920,119837932
ENSG00000101972,ENST00000483575,22,124022530,124022552
ENSG00000101972,ENST00000466748,22,124022530,124022552
ENSG00000101972,ENST00000471107,28,123962078,123962106
ENSG00000101972,ENST00000471107,22,124022530,124022552
ENSG00000009694,ENST00000371130,24,124563748,124563772
ENSG00000009694,ENST00000422452,21,124487208,124487229
ENSG00000009694,ENST00000422452,24,124563748,124563772
ENSG00000009694,ENST00000461429,21,124487208,124487229
ENSG00000122126,ENST00000371113,24,129584343,129584367
ENSG00000122126,ENST00000646010,24,129584343,129584367
ENSG00000122126,ENST00000647245,24,129584343,129584367
ENSG00000122126,ENST00000646914,24,129584343,129584367
ENSG00000134597,ENST00000639890,18,130411507,130411525
ENSG00000134597,ENST00000639890,6,130412687,130412693
ENSG00000147255,ENST00000361420,27,131286436,131286463
ENSG00000147255,ENST00000370903,27,131286436,131286463
ENSG00000147255,ENST00000370900,27,131286436,131286463
ENSG00000147255,ENST00000370901,27,131286436,131286463
ENSG00000165704,ENST00000298556,18,134490187,134490205
ENSG00000165704,ENST00000462974,18,134490187,134490205
ENSG00000165704,ENST00000475720,18,134490187,134490205
ENSG00000129675,ENST00000370620,21,136677935,136677956
ENSG00000129675,ENST00000370622,21,136677935,136677956
ENSG00000129675,ENST00000250617,21,136677935,136677956
ENSG00000101981,ENST00000218099,25,139537361,139537386
ENSG00000101981,ENST00000394090,25,139537361,139537386
ENSG00000102081,ENST00000616382,26,147943130,147943156
ENSG00000241769,ENST00000437981,21,149529208,149529229
ENSG00000063601,ENST00000493995,24,150712341,150712365
ENSG00000063601,ENST00000439546,24,150712341,150712365
ENSG00000063601,ENST00000429965,24,150712341,150712365
ENSG00000063601,ENST00000434699,24,150712341,150712365
ENSG00000063601,ENST00000434699,24,150712729,150712753
ENSG00000063601,ENST00000445323,24,150712341,150712365
ENSG00000063601,ENST00000438018,24,150712341,150712365
ENSG00000063601,ENST00000438018,27,150712943,150712970
ENSG00000063601,ENST00000436701,24,150712341,150712365
ENSG00000063601,ENST00000436701,27,150712943,150712970
ENSG00000102181,ENST00000613030,18,150771804,150771822
ENSG00000102181,ENST00000634795,18,150771804,150771822
ENSG00000124260,ENST00000444834,19,152136061,152136080
ENSG00000124260,ENST00000583480,19,152136061,152136080
ENSG00000185825,ENST00000645377,19,153703039,153703058
ENSG00000232725,ENST00000416854,25,153763792,153763817
ENSG00000184343,ENST00000489426,26,153783225,153783251
ENSG00000184343,ENST00000393786,26,153783225,153783251
ENSG00000184343,ENST00000370104,26,153783225,153783251
ENSG00000184343,ENST00000370108,26,153783225,153783251
ENSG00000184343,ENST00000370101,26,153783225,153783251
ENSG00000184343,ENST00000370100,26,153783225,153783251
ENSG00000067829,ENST00000370092,12,153790563,153790575
ENSG00000067829,ENST00000217901,12,153790563,153790575
ENSG00000067829,ENST00000370093,12,153790563,153790575
ENSG00000067829,ENST00000444450,12,153790563,153790575
ENSG00000067829,ENST00000497043,12,153790563,153790575
ENSG00000067829,ENST00000495356,12,153790563,153790575
ENSG00000067829,ENST00000491235,12,153790563,153790575
ENSG00000198910,ENST00000370060,12,153863367,153863379
ENSG00000198910,ENST00000370060,15,153873227,153873242
ENSG00000198910,ENST00000361699,15,153873227,153873242
ENSG00000198910,ENST00000491983,12,153863367,153863379
ENSG00000198910,ENST00000439496,15,153873227,153873242
ENSG00000198910,ENST00000458029,15,153873227,153873242
ENSG00000284987,ENST00000464967,15,153873227,153873242
ENSG00000284987,ENST00000646191,15,153873227,153873242
ENSG00000284987,ENST00000642393,15,153873227,153873242
ENSG00000089820,ENST00000393721,28,153913023,153913051
ENSG00000089820,ENST00000370028,28,153913023,153913051
ENSG00000089820,ENST00000420383,28,153913023,153913051
ENSG00000089820,ENST00000350060,28,153913023,153913051
ENSG00000089820,ENST00000370016,28,153913023,153913051
ENSG00000089820,ENST00000470209,28,153913023,153913051
ENSG00000089820,ENST00000494302,28,153913023,153913051
ENSG00000089820,ENST00000404127,28,153913023,153913051
ENSG00000196924,ENST00000420627,24,154357250,154357274
ENSG00000196924,ENST00000369850,24,154357250,154357274
ENSG00000196924,ENST00000369856,24,154357250,154357274
ENSG00000196924,ENST00000610817,24,154357250,154357274
ENSG00000071889,ENST00000359889,24,154511847,154511871
ENSG00000071889,ENST00000419205,24,154511847,154511871
ENSG00000071889,ENST00000322269,24,154511847,154511871
ENSG00000071889,ENST00000369643,24,154511847,154511871
ENSG00000071889,ENST00000447601,24,154511847,154511871
ENSG00000071889,ENST00000621967,24,154511847,154511871
ENSG00000071889,ENST00000434658,24,154511847,154511871
ENSG00000071889,ENST00000369641,24,154511847,154511871
ENSG00000071889,ENST00000393572,24,154511847,154511871
ENSG00000071889,ENST00000449971,24,154511847,154511871
ENSG00000071889,ENST00000416319,24,154511847,154511871
ENSG00000071889,ENST00000426266,24,154511847,154511871
ENSG00000071889,ENST00000440318,24,154511847,154511871
ENSG00000071889,ENST00000457212,24,154511847,154511871
ENSG00000071889,ENST00000412894,24,154511847,154511871
ENSG00000071889,ENST00000421517,24,154511847,154511871
ENSG00000071889,ENST00000497506,24,154511847,154511871
ENSG00000071889,ENST00000442929,24,154511847,154511871
ENSG00000071889,ENST00000492763,24,154511847,154511871
ENSG00000268651,ENST00000593606,9,154586322,154586331
ENSG00000130826,ENST00000413910,11,154768301,154768312
ENSG00000165775,ENST00000456179,23,155047368,155047391
ENSG00000185515,ENST00000340647,17,155072326,155072343
ENSG00000185515,ENST00000330045,17,155072326,155072343
ENSG00000185515,ENST00000369459,17,155072326,155072343
ENSG00000185515,ENST00000369462,17,155072326,155072343
ENSG00000185515,ENST00000399042,17,155072326,155072343
ENSG00000185515,ENST00000620502,17,155072326,155072343
ENSG00000182484,ENST00000464205,18,156025031,156025049
ENSG00000099715,ENST00000400457,24,5581774,5581798
ENSG00000227204,ENST00000425544,3,8129232,8129235
ENSG00000234803,ENST00000598351,27,9525668,9525695
ENSG00000234803,ENST00000598351,20,9526177,9526197
ENSG00000227447,ENST00000381172,24,12484730,12484754
ENSG00000234059,ENST00000412870,20,12946287,12946307
ENSG00000183878,ENST00000624098,24,13355374,13355398
ENSG00000235521,ENST00000418455,29,17789161,17789190
ENSG00000129873,ENST00000544303,28,17877834,17877862
ENSG00000182415,ENST00000426790,28,18028144,18028172
ENSG00000233120,ENST00000442391,29,18116819,18116848
ENSG00000224151,ENST00000435142,29,18833889,18833918
ENSG00000238088,ENST00000454643,30,18852100,18852130
ENSG00000232424,ENST00000445112,30,23741104,23741134
